Chromosome	Start	End	Type
1	178297	180180	CpG:
1	733575	734527	CpG:
1	2107600	2108663	CpG:
1	2204145	2205475	CpG:
1	3049220	3050865	CpG:
1	10068341	10070212	CpG:
1	18908970	18910781	CpG:
1	31242116	31243208	CpG:
1	42530990	42531673	CpG:
1	57178531	57178881	CpG:
1	59432833	59433966	CpG:
1	66212205	66212912	CpG:
1	66834435	66835308	CpG:
1	68012000	68012798	CpG:
1	71765090	71765298	CpG:
1	73515558	73516369	CpG:
1	73974887	73976026	CpG:
1	81251972	81252710	CpG:
1	84841170	84841956	CpG:
1	85921228	85921443	CpG:
1	88074743	88075583	CpG:
1	88160264	88160967	CpG:
1	88588860	88589556	CpG:
1	95170041	95170482	CpG:
1	95795780	95796653	CpG:
1	96787942	96789434	CpG:
1	97308001	97308775	CpG:
1	97951786	97952193	CpG:
1	98396312	98396666	CpG:
1	106850409	106851141	CpG:
1	107773471	107774910	CpG:
1	108085807	108087222	CpG:
1	114144678	114145206	CpG:
1	118299954	118301538	CpG:
1	121872121	121872438	CpG:
1	121919626	121920016	CpG:
1	127469166	127469737	CpG:
1	128184590	128185128	CpG:
1	128467205	128468260	CpG:
1	130107416	130109196	CpG:
1	131238988	131239607	CpG:
1	131241299	131244238	CpG:
1	131564314	131565007	CpG:
1	138814072	138814783	CpG:
1	143172455	143172778	CpG:
1	143173275	143173636	CpG:
1	143255095	143256823	CpG:
1	143576832	143577204	CpG:
1	143597533	143598190	CpG:
1	143633625	143634067	CpG:
1	144844943	144846216	CpG:
1	145028301	145029471	CpG:
1	145792723	145793001	CpG:
1	145855169	145855477	CpG:
1	146649615	146651058	CpG:
1	146862533	146862976	CpG:
1	147002453	147003177	CpG:
1	147412055	147412272	CpG:
1	148773136	148777954	CpG:
1	150307333	150308134	CpG:
1	150689981	150690999	CpG:
1	152694190	152695692	CpG:
1	154024416	154024633	CpG:
1	154037303	154037964	CpG:
1	154802535	154803191	CpG:
1	155114032	155114581	CpG:
1	155833580	155834504	CpG:
1	155904458	155904716	CpG:
1	157267939	157268580	CpG:
1	158078599	158080037	CpG:
10	2361553	2362279	CpG:
10	3204910	3206811	CpG:
10	4418064	4418917	CpG:
10	4607777	4609162	CpG:
10	5047757	5048423	CpG:
10	5303439	5304662	CpG:
10	5398938	5399165	CpG:
10	5435811	5436547	CpG:
10	6458917	6460264	CpG:
10	7289418	7291401	CpG:
10	7878519	7880265	CpG:
10	8689458	8689827	CpG:
10	9674371	9674816	CpG:
10	12448020	12448523	CpG:
10	13053470	13053699	CpG:
10	14639858	14640157	CpG:
10	14642041	14649115	CpG:
10	15235768	15236950	CpG:
10	19980362	19981928	CpG:
10	20759721	20760589	CpG:
10	20892759	20893430	CpG:
10	21447150	21448415	CpG:
10	21698581	21700721	CpG:
10	26729200	26729548	CpG:
10	32862301	32862606	CpG:
10	36425283	36425922	CpG:
10	36525119	36525538	CpG:
10	37034638	37037451	CpG:
10	37495553	37496616	CpG:
10	45205315	45206574	CpG:
10	45874688	45875103	CpG:
10	46006554	46007036	CpG:
10	47072810	47073413	CpG:
10	49648999	49650876	CpG:
10	50281570	50283757	CpG:
10	51597556	51598797	CpG:
10	62436089	62436458	CpG:
10	65652060	65652302	CpG:
10	66748475	66748827	CpG:
10	66755032	66758614	CpG:
10	67756138	67756818	CpG:
10	68777791	68779520	CpG:
10	69469240	69469629	CpG:
10	70838136	70840302	CpG:
10	73143363	73143666	CpG:
10	76999595	77000021	CpG:
10	79732333	79733423	CpG:
10	83240209	83241335	CpG:
10	84785530	84787181	CpG:
10	85324768	85326214	CpG:
10	85460569	85461343	CpG:
10	85587576	85588270	CpG:
10	85776325	85776872	CpG:
10	86415155	86415833	CpG:
10	87686149	87686884	CpG:
10	89073559	89074016	CpG:
10	89246032	89249005	CpG:
10	89588619	89590015	CpG:
10	90132153	90132437	CpG:
10	98231331	98235885	CpG:
10	101236952	101239102	CpG:
10	101248094	101249713	CpG:
10	101252630	101252886	CpG:
10	101259855	101261248	CpG:
10	102151242	102152523	CpG:
10	102434754	102435376	CpG:
10	102904218	102904680	CpG:
10	102939070	102939366	CpG:
10	103112593	103113068	CpG:
10	103249615	103249995	CpG:
10	103473830	103474056	CpG:
11	140324	141276	CpG:
11	2305120	2306402	CpG:
11	2401338	2401959	CpG:
11	2490423	2491021	CpG:
11	2730468	2732391	CpG:
11	2792186	2794014	CpG:
11	3082123	3082370	CpG:
11	3101625	3102130	CpG:
11	5490411	5490875	CpG:
11	5587661	5588006	CpG:
11	6238164	6239362	CpG:
11	6296043	6297169	CpG:
11	6361048	6361374	CpG:
11	9253397	9253702	CpG:
11	9254212	9254528	CpG:
11	9277879	9278673	CpG:
11	10104647	10107955	CpG:
11	10489451	10490138	CpG:
11	11154851	11155650	CpG:
11	11511943	11513071	CpG:
11	12370399	12376172	CpG:
11	13034412	13034624	CpG:
11	13437920	13438711	CpG:
11	13518997	13520150	CpG:
11	13520407	13520712	CpG:
11	13521398	13521646	CpG:
11	13522103	13522332	CpG:
11	14979473	14980942	CpG:
11	19564246	19564829	CpG:
11	19788183	19788988	CpG:
11	21760838	21761952	CpG:
11	25585480	25588813	CpG:
11	27191671	27194567	CpG:
11	28772472	28772777	CpG:
11	36370770	36371425	CpG:
11	40547844	40548517	CpG:
11	43489414	43490407	CpG:
11	44200228	44200888	CpG:
11	46849186	46851541	CpG:
11	47302335	47303144	CpG:
11	48065700	48067501	CpG:
11	48995823	48997098	CpG:
11	49226859	49227438	CpG:
11	49715450	49716169	CpG:
11	60032369	60033061	CpG:
11	61481406	61482293	CpG:
11	62876858	62877791	CpG:
11	63011499	63012934	CpG:
11	68070037	68070698	CpG:
11	68382191	68384440	CpG:
11	68441366	68442069	CpG:
11	69617245	69619333	CpG:
11	72236783	72237758	CpG:
11	72291763	72292627	CpG:
11	72383986	72384381	CpG:
11	73173158	73173710	CpG:
11	73399871	73400912	CpG:
11	73950810	73951026	CpG:
11	75621305	75623202	CpG:
11	78694885	78697031	CpG:
11	79486677	79490204	CpG:
11	80888409	80890237	CpG:
11	83656090	83659730	CpG:
11	86117766	86118509	CpG:
11	86345885	86346644	CpG:
11	86834638	86835460	CpG:
11	87174681	87176011	CpG:
11	87689382	87689858	CpG:
11	90041779	90043025	CpG:
11	92654357	92655261	CpG:
11	93086917	93090316	CpG:
11	94418369	94418571	CpG:
11	94498491	94498755	CpG:
11	95151365	95151636	CpG:
11	95368854	95369114	CpG:
11	95375913	95376163	CpG:
11	95773100	95774076	CpG:
11	97230543	97230881	CpG:
11	97398993	97399970	CpG:
11	97462348	97462631	CpG:
11	97466942	97467175	CpG:
11	98247990	98248196	CpG:
11	98497967	98498488	CpG:
11	98654924	98655942	CpG:
11	99047051	99048305	CpG:
11	99113117	99113738	CpG:
11	99190111	99190347	CpG:
11	99231609	99232985	CpG:
11	99410723	99411780	CpG:
11	99527734	99528241	CpG:
11	99832476	99832929	CpG:
11	99913689	99914952	CpG:
11	100015418	100016003	CpG:
11	100024531	100025016	CpG:
11	101152908	101153752	CpG:
11	101452639	101452847	CpG:
11	101489194	101489990	CpG:
11	101671693	101672766	CpG:
11	102692229	102694498	CpG:
11	102849063	102849406	CpG:
11	103080223	103080444	CpG:
11	103162866	103163099	CpG:
11	103579445	103579771	CpG:
11	103580440	103580896	CpG:
11	103581089	103581293	CpG:
11	103737090	103742029	CpG:
11	103747666	103748568	CpG:
11	103749120	103749494	CpG:
11	103750514	103751108	CpG:
11	103751791	103751994	CpG:
11	103798993	103799390	CpG:
11	103822270	103822730	CpG:
11	103823327	103823589	CpG:
11	103967498	103968557	CpG:
11	103986789	103998457	CpG:
11	104002694	104003142	CpG:
11	104008582	104008797	CpG:
11	104145726	104146463	CpG:
11	104179831	104180895	CpG:
11	104182266	104182614	CpG:
11	104183726	104183977	CpG:
11	104184936	104185780	CpG:
11	104205797	104206015	CpG:
11	104311067	104312488	CpG:
11	104359227	104363933	CpG:
11	104407540	104408914	CpG:
11	104421037	104421392	CpG:
11	104424517	104425078	CpG:
11	104436328	104436608	CpG:
11	104443209	104443411	CpG:
11	104697762	104697971	CpG:
11	104885070	104885725	CpG:
11	104985121	104985470	CpG:
11	105187844	105188070	CpG:
11	105472801	105474423	CpG:
11	105548247	105549386	CpG:
11	105673643	105674546	CpG:
11	105676439	105676663	CpG:
11	105676918	105677196	CpG:
11	105742291	105742895	CpG:
11	105775749	105776064	CpG:
11	105790364	105790800	CpG:
11	105837679	105839595	CpG:
11	105875058	105875292	CpG:
11	105876327	105876905	CpG:
11	105891975	105893165	CpG:
11	105902890	105903167	CpG:
11	105956407	105956699	CpG:
11	105992105	105992326	CpG:
11	105994533	105994848	CpG:
11	106002637	106003068	CpG:
11	106190032	106190749	CpG:
11	106192305	106192593	CpG:
11	106249466	106250754	CpG:
11	106295271	106295901	CpG:
11	106335485	106354942	CpG:
11	106357326	106357556	CpG:
11	106497793	106498343	CpG:
11	106610588	106610960	CpG:
11	106649920	106650184	CpG:
11	106652152	106652409	CpG:
11	106675227	106676524	CpG:
11	106794126	106794652	CpG:
11	106872244	106872958	CpG:
11	106875773	106876300	CpG:
11	106878874	106879560	CpG:
11	107054247	107054479	CpG:
11	107055110	107055398	CpG:
11	107056620	107056834	CpG:
11	107306392	107307202	CpG:
12	2130199	2131105	CpG:
12	11625489	11627086	CpG:
12	14061107	14063058	CpG:
12	14846021	14848700	CpG:
12	16427016	16427227	CpG:
12	17960517	17961165	CpG:
12	20352247	20352689	CpG:
12	20605198	20605609	CpG:
12	20972805	20973163	CpG:
12	20973523	20973744	CpG:
12	21415789	21416350	CpG:
12	21565536	21566118	CpG:
12	23268944	23270646	CpG:
12	24837934	24838564	CpG:
12	27806333	27807088	CpG:
12	28612147	28612927	CpG:
12	30199085	30199503	CpG:
12	30503134	30504151	CpG:
12	32844183	32845034	CpG:
12	32895732	32896253	CpG:
12	34237134	34237581	CpG:
12	34531687	34532135	CpG:
12	34836429	34836794	CpG:
12	34912516	34912915	CpG:
12	35587345	35588021	CpG:
12	36054538	36055647	CpG:
12	36186274	36187681	CpG:
12	36453202	36455319	CpG:
12	50887697	50889501	CpG:
12	52484627	52485852	CpG:
12	54086137	54087070	CpG:
12	54094256	54095167	CpG:
12	54147344	54148081	CpG:
12	65287570	65288290	CpG:
12	66223223	66224906	CpG:
12	70666011	70666678	CpG:
12	72455041	72455480	CpG:
12	79374938	79375407	CpG:
12	80691975	80693577	CpG:
12	83093572	83093782	CpG:
12	86242266	86242996	CpG:
12	87654999	87655265	CpG:
12	87833290	87833653	CpG:
12	88583137	88583428	CpG:
12	88732906	88733183	CpG:
12	88740108	88740621	CpG:
12	88883430	88883724	CpG:
12	88992613	88992896	CpG:
12	89241932	89243987	CpG:
12	89247880	89261546	CpG:
12	89334550	89337011	CpG:
12	89486739	89487141	CpG:
12	89492961	89493200	CpG:
12	89507620	89508248	CpG:
12	89536362	89536577	CpG:
12	89538088	89538683	CpG:
12	89558053	89558395	CpG:
12	89636451	89637434	CpG:
12	89666402	89666739	CpG:
12	89865342	89866289	CpG:
12	89873773	89874432	CpG:
12	89903458	89904127	CpG:
12	89941675	89941914	CpG:
12	89944276	89944539	CpG:
12	90092313	90093015	CpG:
12	90093652	90093945	CpG:
12	90169066	90169462	CpG:
12	90171921	90172307	CpG:
12	90325899	90326223	CpG:
12	90402241	90402554	CpG:
12	90403986	90406400	CpG:
12	90414186	90414757	CpG:
12	90451158	90460659	CpG:
12	90473650	90474215	CpG:
12	90608863	90610429	CpG:
12	90703843	90704416	CpG:
12	90782564	90782975	CpG:
12	90813302	90814286	CpG:
12	90860752	90861404	CpG:
12	90861568	90861839	CpG:
12	90862756	90863069	CpG:
12	91132468	91133768	CpG:
13	788611	789251	CpG:
13	789625	790088	CpG:
13	3874186	3877561	CpG:
13	12535934	12536588	CpG:
13	16469793	16470910	CpG:
13	17755175	17755437	CpG:
13	18259435	18259929	CpG:
13	22969486	22969947	CpG:
13	23723728	23724816	CpG:
13	23854003	23856176	CpG:
13	25862595	25864829	CpG:
13	28132327	28132896	CpG:
13	28314198	28315212	CpG:
13	28648482	28649513	CpG:
13	30197571	30197962	CpG:
13	32186144	32187510	CpG:
13	34524307	34525209	CpG:
13	37127320	37132765	CpG:
13	38096196	38097421	CpG:
13	38543438	38544705	CpG:
13	40228995	40231940	CpG:
13	40812305	40819199	CpG:
13	41255647	41257580	CpG:
13	41914991	41915496	CpG:
13	42405257	42406662	CpG:
13	42452584	42452961	CpG:
13	42791549	42792782	CpG:
13	45380391	45380684	CpG:
13	45494359	45494563	CpG:
13	46847822	46849216	CpG:
13	51764636	51765708	CpG:
13	52592200	52593267	CpG:
13	54142041	54142728	CpG:
13	54182554	54182803	CpG:
13	54265590	54266404	CpG:
13	54407839	54408862	CpG:
13	54450272	54452312	CpG:
13	54550315	54551393	CpG:
13	54590892	54591586	CpG:
13	54745523	54745724	CpG:
13	54799249	54799703	CpG:
13	54964801	54965492	CpG:
13	54990622	54991259	CpG:
13	55291111	55293858	CpG:
13	55359221	55360408	CpG:
13	55415165	55415389	CpG:
13	55429491	55430069	CpG:
13	55499262	55502198	CpG:
13	55673788	55674356	CpG:
13	58036130	58038658	CpG:
13	58046413	58049281	CpG:
13	58261442	58263472	CpG:
13	59424933	59427024	CpG:
13	60812070	60812541	CpG:
13	60917940	60918705	CpG:
13	61584170	61584384	CpG:
13	61699186	61699666	CpG:
13	61937776	61938244	CpG:
13	62427168	62427452	CpG:
13	62453395	62453671	CpG:
13	63403612	63403864	CpG:
13	63952559	63954290	CpG:
13	64068740	64069550	CpG:
13	64725919	64726782	CpG:
13	66204610	66205492	CpG:
13	66593659	66594314	CpG:
13	68194735	68199960	CpG:
13	73401053	73402229	CpG:
13	73436475	73436964	CpG:
13	75284280	75284787	CpG:
13	75367179	75368752	CpG:
13	75413971	75414655	CpG:
13	75809496	75809951	CpG:
13	76098861	76099445	CpG:
13	76955373	76955785	CpG:
13	78840693	78841025	CpG:
13	79157581	79157808	CpG:
13	79327207	79327419	CpG:
13	79328682	79329178	CpG:
13	79329579	79329911	CpG:
13	79384252	79384621	CpG:
13	80093596	80094435	CpG:
13	80223105	80223642	CpG:
13	80235054	80235701	CpG:
13	80555750	80556692	CpG:
13	81022072	81022360	CpG:
13	81558812	81559240	CpG:
14	398495	401415	CpG:
14	403983	404470	CpG:
14	405290	406404	CpG:
14	953936	954549	CpG:
14	1412461	1413407	CpG:
14	1486343	1486702	CpG:
14	1567794	1568179	CpG:
14	1629585	1630643	CpG:
14	1741318	1741664	CpG:
14	1755800	1756481	CpG:
14	1766131	1767459	CpG:
14	1787128	1789500	CpG:
14	1794804	1795877	CpG:
14	1839558	1840426	CpG:
14	1956585	1957038	CpG:
14	1958942	1959318	CpG:
14	2216750	2217096	CpG:
14	2247920	2248614	CpG:
14	2266698	2267007	CpG:
14	2288319	2288986	CpG:
14	2296827	2297045	CpG:
14	2334834	2335862	CpG:
14	2384369	2384845	CpG:
14	2459185	2459425	CpG:
14	2483108	2483312	CpG:
14	2516939	2517892	CpG:
14	2526136	2527346	CpG:
14	2829238	2829461	CpG:
14	2958453	2958857	CpG:
14	3128599	3129523	CpG:
14	3135033	3135277	CpG:
14	3626482	3626878	CpG:
14	3725401	3725902	CpG:
14	3734169	3737464	CpG:
14	3739330	3739846	CpG:
14	4417173	4419831	CpG:
14	4442033	4442404	CpG:
14	4574341	4574548	CpG:
14	4593126	4593458	CpG:
14	9416959	9417540	CpG:
14	15463994	15466276	CpG:
14	17253732	17255413	CpG:
14	17918743	17920030	CpG:
14	21163816	21165781	CpG:
14	22716629	22718353	CpG:
14	23089965	23090700	CpG:
14	23187000	23188489	CpG:
14	24294900	24296242	CpG:
14	25052107	25053611	CpG:
14	25221995	25223932	CpG:
14	26513531	26514357	CpG:
14	26940196	26942602	CpG:
14	27719230	27720059	CpG:
14	28220590	28220944	CpG:
14	30105569	30105862	CpG:
14	30813911	30814668	CpG:
14	31907773	31908796	CpG:
14	36470436	36471273	CpG:
14	37268276	37269229	CpG:
14	37548492	37549283	CpG:
14	39166707	39167453	CpG:
14	39348011	39348538	CpG:
14	39756902	39757503	CpG:
14	40830533	40831395	CpG:
14	49558332	49559169	CpG:
14	57025766	57026492	CpG:
14	63151236	63153226	CpG:
14	63256213	63256965	CpG:
14	63823417	63823670	CpG:
14	66241791	66242503	CpG:
14	67542914	67545705	CpG:
14	68143460	68143757	CpG:
14	68453841	68454437	CpG:
14	69892568	69893331	CpG:
14	70410281	70411152	CpG:
14	70415329	70416711	CpG:
14	78559647	78560192	CpG:
14	78963968	78964449	CpG:
14	83823953	83824168	CpG:
15	1801791	1803105	CpG:
15	14756911	14759268	CpG:
15	18107983	18108689	CpG:
15	20525613	20526250	CpG:
15	21119215	21121008	CpG:
15	24308137	24308431	CpG:
15	26655170	26655993	CpG:
15	27790811	27791080	CpG:
15	28963509	28964510	CpG:
15	30034427	30034734	CpG:
15	30127654	30128504	CpG:
15	30202672	30204172	CpG:
15	30448921	30450440	CpG:
15	43585139	43586180	CpG:
15	43824536	43825300	CpG:
15	44215808	44216587	CpG:
15	52428634	52429370	CpG:
15	52608968	52609301	CpG:
15	52933869	52934089	CpG:
15	55386434	55387395	CpG:
15	56960962	56962353	CpG:
15	56972454	56972937	CpG:
15	59200290	59201713	CpG:
15	63376478	63387077	CpG:
15	74301255	74301742	CpG:
15	75185740	75187143	CpG:
15	75473510	75473918	CpG:
15	75652405	75652964	CpG:
15	75882839	75884718	CpG:
15	76145061	76146506	CpG:
15	76809615	76810515	CpG:
15	76815808	76816072	CpG:
15	76818940	76819528	CpG:
15	76822438	76823101	CpG:
15	78376867	78378277	CpG:
15	78398858	78399153	CpG:
15	78441930	78442526	CpG:
15	82277387	82278089	CpG:
15	83247570	83249119	CpG:
15	83331696	83333979	CpG:
15	84113472	84115571	CpG:
15	84311685	84311923	CpG:
15	84780131	84781138	CpG:
15	84785152	84786314	CpG:
15	84915899	84916881	CpG:
15	84981873	84983272	CpG:
15	85130981	85131374	CpG:
15	85159109	85160260	CpG:
16	1763680	1764061	CpG:
16	1971554	1972887	CpG:
16	2029036	2029314	CpG:
16	2631547	2632168	CpG:
16	2653907	2654311	CpG:
16	2815052	2815532	CpG:
16	2906380	2907112	CpG:
16	2935922	2937221	CpG:
16	3015771	3016213	CpG:
16	4361853	4362308	CpG:
16	4366511	4366879	CpG:
16	4543315	4543567	CpG:
16	4602927	4603403	CpG:
16	7445729	7446323	CpG:
16	24137119	24138248	CpG:
16	24876597	24877370	CpG:
16	25058333	25060214	CpG:
16	29883883	29885045	CpG:
16	29949468	29950259	CpG:
16	29985994	29986834	CpG:
16	30077320	30078483	CpG:
16	30490977	30493541	CpG:
16	30699875	30700106	CpG:
16	31160239	31161467	CpG:
16	32380971	32381351	CpG:
16	34656076	34656631	CpG:
16	35207172	35208060	CpG:
16	37935651	37936503	CpG:
16	42868089	42869586	CpG:
16	42910251	42910773	CpG:
16	42911915	42912146	CpG:
16	43445120	43446327	CpG:
16	43839344	43839920	CpG:
16	43840343	43841001	CpG:
16	45065707	45066780	CpG:
16	45130831	45131841	CpG:
16	46200381	46201782	CpG:
16	46520677	46522618	CpG:
16	47645494	47647028	CpG:
16	47759875	47761697	CpG:
16	47766564	47768225	CpG:
16	47826451	47827816	CpG:
16	48125913	48126321	CpG:
16	49276410	49276765	CpG:
16	49327890	49328291	CpG:
16	49453893	49454162	CpG:
16	49511063	49512568	CpG:
16	49611026	49611359	CpG:
16	50548939	50549140	CpG:
16	50671656	50674658	CpG:
16	51096358	51096613	CpG:
16	51168080	51168319	CpG:
16	51556162	51556672	CpG:
16	51756169	51757608	CpG:
16	51946820	51947843	CpG:
16	52188065	52189405	CpG:
16	52219510	52221100	CpG:
16	52260764	52265686	CpG:
16	52397887	52398675	CpG:
16	52588997	52590718	CpG:
16	52671414	52671648	CpG:
16	52877840	52879370	CpG:
16	53199352	53199813	CpG:
16	54013532	54013735	CpG:
16	55478131	55478348	CpG:
16	55478833	55480352	CpG:
16	55494052	55494359	CpG:
16	55497582	55497847	CpG:
16	57813679	57813911	CpG:
16	61810355	61811484	CpG:
16	61992516	61993565	CpG:
16	62067985	62068449	CpG:
16	62252563	62253205	CpG:
16	63562094	63562389	CpG:
16	63688953	63691074	CpG:
16	64949765	64950009	CpG:
16	66570504	66571678	CpG:
16	67278380	67279567	CpG:
16	70823617	70823899	CpG:
16	70908023	70908236	CpG:
16	70946617	70948021	CpG:
16	70958111	70958431	CpG:
16	70958993	70959795	CpG:
16	71067615	71067861	CpG:
16	71100112	71100382	CpG:
16	71101578	71101784	CpG:
16	71106941	71107785	CpG:
16	71139832	71141262	CpG:
16	71146816	71147335	CpG:
16	72950845	72951083	CpG:
16	74006176	74006503	CpG:
16	74945754	74946436	CpG:
16	75595874	75597752	CpG:
16	75610474	75610801	CpG:
16	77201730	77201994	CpG:
16	77235211	77235641	CpG:
16	77461348	77461593	CpG:
16	79003257	79003515	CpG:
16	79311177	79311724	CpG:
16	80236975	80237202	CpG:
16	81318041	81319956	CpG:
16	81409852	81410144	CpG:
16	81411202	81411416	CpG:
16	81412691	81413918	CpG:
16	81509896	81511064	CpG:
16	81613583	81613820	CpG:
16	81702569	81702834	CpG:
17	6785656	6786588	CpG:
17	7740957	7742365	CpG:
17	10559711	10560374	CpG:
17	12261277	12261612	CpG:
17	12740839	12741639	CpG:
17	12987159	12989030	CpG:
17	13736966	13737597	CpG:
17	18324897	18325197	CpG:
17	30073623	30075143	CpG:
17	32888456	32891553	CpG:
17	45374582	45375854	CpG:
17	46108183	46108392	CpG:
17	46192970	46193660	CpG:
17	48436415	48436907	CpG:
17	49313122	49313846	CpG:
17	53140774	53142115	CpG:
17	53688314	53688646	CpG:
17	54038541	54039651	CpG:
17	54218106	54218369	CpG:
17	54903742	54904361	CpG:
17	55483727	55484030	CpG:
17	55577086	55577597	CpG:
17	55581218	55581626	CpG:
17	55873161	55873998	CpG:
17	56041950	56042774	CpG:
17	58000609	58000926	CpG:
17	60708483	60708707	CpG:
17	62334776	62335469	CpG:
17	62350395	62352643	CpG:
17	63260215	63263155	CpG:
17	64349853	64350390	CpG:
17	64537889	64539073	CpG:
17	64722075	64723188	CpG:
17	64823359	64823862	CpG:
17	64858632	64859195	CpG:
17	64929846	64930348	CpG:
17	65904129	65904430	CpG:
17	65920597	65920877	CpG:
17	65931898	65932106	CpG:
17	65949653	65950306	CpG:
17	66628804	66629640	CpG:
17	67319421	67319640	CpG:
17	67767976	67768193	CpG:
17	67768337	67768547	CpG:
17	67999136	68000511	CpG:
17	68354067	68355196	CpG:
17	68423845	68424860	CpG:
17	68550227	68550925	CpG:
17	68551982	68552239	CpG:
17	69022967	69023625	CpG:
17	69473653	69474699	CpG:
17	69475899	69481169	CpG:
17	70550902	70551586	CpG:
17	70969048	70969386	CpG:
17	71093576	71094002	CpG:
17	71573610	71574465	CpG:
17	71607854	71608324	CpG:
17	71827622	71827849	CpG:
17	72053771	72054358	CpG:
17	72420985	72421226	CpG:
17	73263716	73264209	CpG:
17	73286847	73287449	CpG:
17	73334785	73335035	CpG:
17	73384126	73384566	CpG:
17	73385882	73386177	CpG:
17	73412327	73413065	CpG:
17	73484305	73484515	CpG:
17	73486492	73487229	CpG:
17	73527289	73528080	CpG:
17	73578051	73578522	CpG:
17	73581250	73581477	CpG:
17	73582824	73585569	CpG:
17	73614337	73614547	CpG:
17	73621970	73622354	CpG:
17	73670605	73672070	CpG:
17	73779043	73779599	CpG:
17	73786585	73788099	CpG:
17	73809134	73811918	CpG:
17	73812711	73812972	CpG:
17	73814695	73814929	CpG:
17	73853193	73853451	CpG:
17	73854216	73854625	CpG:
17	73855402	73855659	CpG:
17	73855825	73856429	CpG:
17	73865778	73865995	CpG:
17	73955718	73956440	CpG:
17	74097596	74098294	CpG:
17	74134408	74139169	CpG:
17	74153494	74158221	CpG:
17	74191137	74191369	CpG:
17	74194455	74197695	CpG:
17	74208295	74211181	CpG:
17	74221014	74222562	CpG:
17	74314571	74314841	CpG:
17	74319097	74320283	CpG:
17	74334913	74339809	CpG:
17	74401320	74401827	CpG:
17	74402240	74412159	CpG:
17	74412400	74412601	CpG:
17	74474687	74475033	CpG:
17	74522480	74524037	CpG:
17	74529359	74535088	CpG:
17	74627544	74636916	CpG:
17	74715397	74716378	CpG:
17	74818385	74818618	CpG:
17	74907708	74908485	CpG:
17	74968654	74969646	CpG:
17	74986279	74986857	CpG:
17	75127648	75127935	CpG:
18	1134827	1135065	CpG:
18	1532156	1532938	CpG:
18	1533233	1533441	CpG:
18	1534146	1534526	CpG:
18	1536519	1537010	CpG:
18	1748509	1749066	CpG:
18	1911226	1911537	CpG:
18	2207748	2207962	CpG:
18	2216233	2216744	CpG:
18	2299511	2299820	CpG:
18	2480644	2481714	CpG:
18	4449305	4449951	CpG:
18	5044791	5045900	CpG:
18	5298324	5298568	CpG:
18	5352699	5352905	CpG:
18	5611670	5612288	CpG:
18	5792290	5792619	CpG:
18	5797017	5797224	CpG:
18	6167553	6167798	CpG:
18	6551456	6554510	CpG:
18	7982183	7983272	CpG:
18	8078822	8079249	CpG:
18	8116761	8117400	CpG:
18	8123382	8123673	CpG:
18	8137580	8137889	CpG:
18	8286536	8286761	CpG:
18	10450775	10451656	CpG:
18	10475872	10476374	CpG:
18	10875922	10876919	CpG:
18	11171862	11172314	CpG:
18	11524528	11524781	CpG:
18	11799001	11800707	CpG:
18	12181808	12182102	CpG:
18	12403350	12403579	CpG:
18	13369721	13370859	CpG:
18	13504003	13504870	CpG:
18	13970006	13970327	CpG:
18	13971129	13971380	CpG:
18	14223314	14224054	CpG:
18	14379439	14380781	CpG:
18	15281381	15282209	CpG:
18	17815465	17817986	CpG:
18	18252811	18253241	CpG:
18	18392548	18395442	CpG:
18	19031924	19033895	CpG:
18	19158788	19159392	CpG:
18	24290303	24291177	CpG:
18	24350652	24351086	CpG:
18	25135904	25136233	CpG:
18	25371238	25372433	CpG:
18	25777612	25777825	CpG:
18	25799500	25799860	CpG:
18	25984743	25986536	CpG:
18	25988479	25990068	CpG:
18	29861411	29863651	CpG:
18	34659780	34660458	CpG:
18	34930969	34931251	CpG:
18	34979149	34979392	CpG:
18	35740046	35742450	CpG:
18	36469697	36470276	CpG:
18	39153862	39154077	CpG:
18	43358008	43358894	CpG:
18	43644032	43645356	CpG:
18	43843991	43846021	CpG:
18	43863379	43864599	CpG:
18	43928429	43931238	CpG:
18	44128332	44128708	CpG:
18	44417626	44418016	CpG:
18	46043093	46043631	CpG:
18	46163349	46165596	CpG:
18	46189446	46189845	CpG:
18	46585777	46586044	CpG:
18	46619371	46620735	CpG:
18	46621005	46621237	CpG:
18	46756018	46756484	CpG:
18	46893910	46894486	CpG:
18	46905508	46906550	CpG:
18	48140595	48142102	CpG:
18	48397725	48398437	CpG:
18	49292632	49293915	CpG:
18	49649444	49649890	CpG:
18	49657977	49659188	CpG:
18	49750131	49750684	CpG:
18	49908527	49908775	CpG:
18	50173025	50173440	CpG:
18	50273259	50273779	CpG:
18	51267328	51267546	CpG:
18	51317470	51317803	CpG:
18	51333577	51335820	CpG:
18	51415287	51415681	CpG:
18	51504155	51504542	CpG:
18	51505806	51506940	CpG:
18	51639091	51639761	CpG:
18	52099902	52100212	CpG:
18	52268339	52268825	CpG:
18	52311392	52311953	CpG:
18	52920887	52921210	CpG:
18	52922090	52922566	CpG:
18	52968835	52969111	CpG:
18	53435716	53436631	CpG:
18	53466003	53466323	CpG:
18	53676985	53677191	CpG:
18	53765058	53766336	CpG:
18	53772541	53773812	CpG:
18	53777319	53778111	CpG:
18	54187379	54188172	CpG:
18	54208211	54208699	CpG:
18	54493297	54493689	CpG:
18	54573276	54573500	CpG:
18	54608337	54608978	CpG:
18	54688889	54689567	CpG:
18	54707435	54708614	CpG:
18	54837402	54837901	CpG:
18	54913068	54913332	CpG:
18	54920339	54920583	CpG:
18	54988902	54989633	CpG:
18	55047767	55048941	CpG:
18	55078141	55078491	CpG:
18	55358426	55358965	CpG:
18	55536155	55536649	CpG:
18	55540648	55541298	CpG:
18	55611200	55611554	CpG:
18	55701256	55701832	CpG:
18	55726685	55728078	CpG:
18	55822538	55823370	CpG:
18	56034795	56035149	CpG:
18	56364447	56364987	CpG:
18	56444204	56445661	CpG:
18	56446981	56447227	CpG:
18	56560429	56560919	CpG:
18	56666550	56668253	CpG:
18	56669202	56669437	CpG:
18	56673322	56673780	CpG:
18	56676427	56676829	CpG:
18	56691458	56693206	CpG:
18	56725267	56726473	CpG:
18	56729360	56729642	CpG:
18	56904440	56904683	CpG:
18	56998707	56999522	CpG:
18	57037469	57037964	CpG:
18	57040197	57040492	CpG:
18	57240578	57240784	CpG:
18	57789329	57789533	CpG:
18	57807907	57808862	CpG:
18	57927121	57927741	CpG:
18	58652500	58652857	CpG:
18	59422987	59423758	CpG:
18	59616262	59616907	CpG:
18	59665484	59666104	CpG:
18	59894522	59895282	CpG:
18	60969227	60969452	CpG:
18	61032166	61033055	CpG:
18	62265398	62265759	CpG:
18	62377721	62380595	CpG:
18	62391507	62393050	CpG:
18	62468359	62468782	CpG:
18	62470015	62470326	CpG:
18	62471137	62471345	CpG:
18	62472714	62473234	CpG:
18	62474102	62478488	CpG:
18	62536367	62537862	CpG:
18	62756999	62758761	CpG:
18	62759445	62759753	CpG:
18	62761215	62761865	CpG:
18	63112602	63120515	CpG:
18	63396062	63398650	CpG:
18	63427405	63428147	CpG:
18	63439644	63441218	CpG:
18	63447412	63448145	CpG:
18	63448777	63449474	CpG:
18	63654866	63655075	CpG:
18	63735305	63736810	CpG:
18	63941061	63941710	CpG:
18	64014079	64016132	CpG:
18	64228379	64229416	CpG:
18	64270396	64272152	CpG:
18	64737741	64738133	CpG:
18	65786907	65787581	CpG:
18	65918558	65919582	CpG:
18	65966929	65968402	CpG:
19	5741694	5741902	CpG:
19	8890883	8891224	CpG:
19	9526981	9527299	CpG:
19	9669356	9670741	CpG:
19	12751763	12752451	CpG:
19	13116804	13117976	CpG:
19	13248053	13249138	CpG:
19	13484698	13485214	CpG:
19	13608556	13617806	CpG:
19	13736218	13736669	CpG:
19	14889613	14890351	CpG:
19	17634495	17635204	CpG:
19	18387419	18388475	CpG:
19	18834022	18835125	CpG:
19	18853801	18854341	CpG:
19	19887569	19888153	CpG:
19	20873207	20875950	CpG:
19	21064354	21064680	CpG:
19	21424164	21425703	CpG:
19	21684849	21685783	CpG:
19	22265307	22265556	CpG:
19	23317687	23318279	CpG:
19	24032288	24032855	CpG:
19	24951239	24952497	CpG:
19	24976378	24977751	CpG:
19	25197571	25198280	CpG:
19	25650627	25651072	CpG:
19	27119514	27122732	CpG:
19	27127854	27128066	CpG:
19	27248774	27249678	CpG:
19	27562682	27563024	CpG:
19	27781865	27782782	CpG:
19	27933534	27933794	CpG:
19	28011110	28011348	CpG:
19	28012111	28012917	CpG:
19	28286251	28286798	CpG:
19	29066534	29068869	CpG:
19	29083295	29085632	CpG:
19	29875817	29877448	CpG:
19	32826955	32832611	CpG:
19	33745268	33745720	CpG:
19	33778517	33779021	CpG:
19	34073979	34075207	CpG:
19	34961025	34962063	CpG:
19	34987081	34987720	CpG:
19	34998292	34998649	CpG:
19	35004777	35006277	CpG:
19	35007404	35007867	CpG:
19	35232143	35232685	CpG:
19	35485949	35486606	CpG:
19	35562654	35563028	CpG:
19	37103443	37103644	CpG:
19	37316372	37317957	CpG:
19	38433142	38435131	CpG:
19	38556935	38557247	CpG:
19	38563545	38564840	CpG:
19	39229236	39230361	CpG:
19	39260539	39261019	CpG:
19	41237470	41237771	CpG:
19	42665241	42665867	CpG:
19	43055848	43056114	CpG:
19	43454779	43455058	CpG:
19	43455849	43456068	CpG:
19	43457297	43457712	CpG:
19	43829383	43829750	CpG:
19	43830019	43830866	CpG:
19	43866990	43867210	CpG:
19	43867846	43868066	CpG:
19	44782795	44784330	CpG:
19	44954833	44956768	CpG:
19	45493183	45494202	CpG:
19	45513555	45514355	CpG:
19	45519721	45519971	CpG:
19	45520751	45521334	CpG:
19	45888742	45889785	CpG:
19	46067562	46067805	CpG:
19	46069838	46070181	CpG:
19	46430388	46432639	CpG:
19	48562258	48562698	CpG:
19	48681985	48683371	CpG:
19	48727414	48728688	CpG:
19	48825377	48825821	CpG:
19	49336547	49338544	CpG:
19	50403470	50403695	CpG:
19	50737502	50737993	CpG:
19	51254903	51255840	CpG:
19	51591845	51592462	CpG:
19	51601465	51602106	CpG:
19	51608870	51610373	CpG:
19	51681295	51682311	CpG:
19	51911483	51911768	CpG:
19	51912678	51912897	CpG:
19	51913138	51913692	CpG:
19	51914197	51914406	CpG:
19	51915478	51915730	CpG:
19	52190501	52190870	CpG:
19	52192772	52193602	CpG:
19	53312918	53318783	CpG:
19	53353256	53353694	CpG:
19	53354948	53355452	CpG:
19	53356927	53359954	CpG:
19	53376834	53378021	CpG:
19	53509702	53511801	CpG:
19	53938730	53939089	CpG:
19	53960462	53960748	CpG:
19	54260427	54260669	CpG:
19	54384016	54384358	CpG:
19	54385193	54385395	CpG:
19	54385626	54385972	CpG:
19	54425858	54426079	CpG:
19	54473755	54474434	CpG:
19	55145982	55146190	CpG:
19	55375603	55376967	CpG:
19	55877678	55878710	CpG:
19	56272124	56274703	CpG:
19	56325930	56326465	CpG:
19	56677919	56678272	CpG:
19	56972422	56973346	CpG:
19	57089200	57089629	CpG:
19	57180068	57180532	CpG:
19	57296604	57297262	CpG:
19	57793740	57794024	CpG:
19	57816859	57817075	CpG:
19	57838431	57839086	CpG:
19	58255728	58255941	CpG:
19	58477013	58477447	CpG:
19	58544836	58545278	CpG:
19	58686452	58686703	CpG:
19	59163657	59163952	CpG:
19	61631428	61631794	CpG:
19	61764553	61764908	CpG:
19	62200209	62200420	CpG:
19	62348040	62348507	CpG:
19	62461189	62461711	CpG:
19	62665171	62665411	CpG:
19	62808248	62809289	CpG:
19	62844675	62845256	CpG:
19	63218404	63219425	CpG:
19	63523121	63523438	CpG:
19	63592876	63593286	CpG:
19	63626808	63627187	CpG:
19	63627828	63628220	CpG:
19	63675291	63677338	CpG:
2	4722484	4723502	CpG:
2	4779521	4780519	CpG:
2	6510895	6511800	CpG:
2	13724604	13725411	CpG:
2	18410288	18410938	CpG:
2	19510347	19511007	CpG:
2	20807298	20807640	CpG:
2	20848022	20849230	CpG:
2	20855236	20858957	CpG:
2	22479333	22480476	CpG:
2	22485180	22488208	CpG:
2	23390245	23390848	CpG:
2	24494512	24497543	CpG:
2	24506742	24507237	CpG:
2	24987209	24988157	CpG:
2	26735491	26736108	CpG:
2	30613704	30614722	CpG:
2	35959845	35961011	CpG:
2	40007380	40009800	CpG:
2	41490501	41492603	CpG:
2	42762735	42763924	CpG:
2	45801457	45802914	CpG:
2	48476011	48477390	CpG:
2	52906451	52907015	CpG:
2	54118369	54119263	CpG:
2	58581733	58582688	CpG:
2	65864373	65865325	CpG:
2	71407603	71407884	CpG:
2	72526508	72527244	CpG:
2	73162406	73162702	CpG:
2	73166010	73166847	CpG:
2	80640725	80641760	CpG:
2	86272537	86272933	CpG:
2	91898790	91899548	CpG:
2	93222108	93222887	CpG:
2	98255982	98256344	CpG:
2	98456331	98457088	CpG:
2	101019022	101019356	CpG:
2	104837858	104838485	CpG:
2	104962460	104962824	CpG:
2	104973666	104977618	CpG:
2	104996186	104996456	CpG:
2	107128490	107131502	CpG:
2	107556167	107556770	CpG:
2	107667262	107669202	CpG:
2	107693131	107693439	CpG:
2	107725678	107730262	CpG:
2	108096908	108097185	CpG:
2	108137392	108139020	CpG:
2	111229097	111230006	CpG:
2	111236368	111237163	CpG:
2	115790823	115795779	CpG:
2	118897589	118898058	CpG:
2	120970552	120973134	CpG:
2	121603933	121604491	CpG:
2	122213325	122213881	CpG:
2	122650510	122651188	CpG:
2	124905835	124907290	CpG:
2	124989888	124990853	CpG:
2	125006224	125010815	CpG:
2	125192170	125193274	CpG:
2	125427118	125427436	CpG:
2	126219371	126220323	CpG:
2	126788614	126788929	CpG:
2	127066179	127067894	CpG:
2	127254423	127256309	CpG:
2	127868922	127869772	CpG:
2	128007758	128008279	CpG:
2	128039736	128040786	CpG:
2	128203395	128204745	CpG:
2	129522322	129523264	CpG:
2	129652327	129653031	CpG:
2	130903566	130903906	CpG:
2	130905745	130906028	CpG:
2	131534144	131534388	CpG:
2	131556009	131556460	CpG:
2	131801802	131802073	CpG:
2	131996479	131996872	CpG:
2	132539412	132539686	CpG:
2	132545365	132545740	CpG:
2	132736732	132737683	CpG:
2	133803413	133803847	CpG:
2	133877939	133878255	CpG:
2	133983091	133983518	CpG:
2	133993600	133993806	CpG:
2	134172681	134173670	CpG:
2	134345137	134346184	CpG:
2	134396241	134397125	CpG:
2	134485054	134485439	CpG:
2	134866124	134866691	CpG:
2	134880548	134880780	CpG:
2	134885313	134885537	CpG:
2	135440979	135441197	CpG:
2	135441515	135441757	CpG:
2	135470822	135471106	CpG:
2	135484689	135484964	CpG:
2	135536376	135536707	CpG:
2	135562911	135563200	CpG:
2	135570112	135570737	CpG:
2	135610047	135610849	CpG:
2	135653929	135654166	CpG:
2	135656352	135656590	CpG:
2	135848826	135849031	CpG:
2	135850995	135851870	CpG:
2	135919502	135919800	CpG:
2	136709690	136711556	CpG:
20	3131842	3133665	CpG:
20	4822873	4823349	CpG:
20	5512468	5512675	CpG:
20	7947773	7948764	CpG:
20	8245032	8245770	CpG:
20	13006360	13007392	CpG:
20	13435678	13436508	CpG:
20	18044468	18046235	CpG:
20	22296924	22297493	CpG:
20	32618470	32618929	CpG:
20	33773967	33776642	CpG:
20	35376173	35377405	CpG:
20	35587456	35588572	CpG:
20	39251423	39252031	CpG:
20	41039107	41043399	CpG:
20	58376127	58376573	CpG:
20	58377206	58377423	CpG:
20	62818883	62822084	CpG:
20	66570419	66571003	CpG:
20	66718235	66719834	CpG:
20	67810530	67814424	CpG:
20	68137033	68138674	CpG:
20	69218312	69218644	CpG:
20	69518980	69519295	CpG:
20	70225400	70225882	CpG:
20	70275837	70276248	CpG:
20	70358695	70358929	CpG:
20	70359851	70360132	CpG:
20	70564015	70564673	CpG:
20	70959284	70960079	CpG:
20	71104640	71105603	CpG:
20	71178563	71179244	CpG:
20	71179971	71180639	CpG:
20	71235020	71247682	CpG:
20	71294274	71294977	CpG:
20	71393939	71394331	CpG:
20	71528560	71528770	CpG:
20	71529053	71529304	CpG:
20	71531899	71532757	CpG:
20	71558833	71559277	CpG:
20	71612860	71613073	CpG:
20	71774843	71775097	CpG:
20	71776454	71776815	CpG:
20	71881747	71882170	CpG:
20	71882819	71883421	CpG:
20	71984034	71985113	CpG:
21	1883878	1884134	CpG:
21	1996970	1997297	CpG:
21	4286051	4286903	CpG:
21	5814640	5814952	CpG:
21	6515139	6515402	CpG:
21	7005823	7006631	CpG:
21	8246244	8246827	CpG:
21	8259168	8259420	CpG:
21	8267593	8268080	CpG:
21	8269960	8270232	CpG:
21	8471749	8472809	CpG:
21	10718048	10719230	CpG:
21	10789811	10791153	CpG:
21	14585100	14586008	CpG:
21	14689821	14690070	CpG:
21	19981348	19982836	CpG:
21	20835091	20835315	CpG:
21	20998484	20998971	CpG:
21	21249165	21251076	CpG:
21	21253245	21253899	CpG:
21	21303114	21303844	CpG:
21	22090190	22090396	CpG:
21	22216594	22217419	CpG:
21	25815466	25817656	CpG:
21	25883478	25883789	CpG:
21	28215155	28215589	CpG:
21	29194200	29194574	CpG:
21	30180489	30181161	CpG:
21	31178667	31179000	CpG:
21	31536914	31537372	CpG:
21	32108208	32113786	CpG:
21	33595743	33598639	CpG:
21	33665619	33666587	CpG:
21	33963571	33964546	CpG:
21	34265264	34265516	CpG:
21	34451531	34453323	CpG:
21	35080620	35082221	CpG:
21	39662369	39663044	CpG:
21	43032112	43032342	CpG:
21	43745618	43746333	CpG:
21	45777734	45778571	CpG:
21	48214469	48215418	CpG:
21	48217546	48218140	CpG:
21	49766028	49767779	CpG:
21	55482715	55483344	CpG:
21	57395189	57396134	CpG:
21	59873331	59873736	CpG:
21	59875751	59876146	CpG:
21	60868551	60869877	CpG:
21	61894009	61894288	CpG:
21	61985332	61986592	CpG:
21	62869943	62871339	CpG:
21	66173707	66174112	CpG:
21	66284613	66285127	CpG:
21	66864714	66866772	CpG:
21	67099000	67100315	CpG:
21	67100468	67100749	CpG:
21	67116527	67116785	CpG:
21	67117261	67117904	CpG:
21	67257866	67258100	CpG:
21	67258771	67259502	CpG:
21	67349957	67350229	CpG:
21	68117173	68117522	CpG:
21	68442296	68442944	CpG:
21	68693572	68693863	CpG:
21	68694509	68695266	CpG:
21	68700432	68701025	CpG:
21	68911602	68912382	CpG:
21	69114982	69115186	CpG:
21	69206986	69207197	CpG:
21	69208975	69209208	CpG:
21	69273733	69277271	CpG:
21	69317444	69317819	CpG:
21	69418846	69420966	CpG:
21	69821034	69821273	CpG:
21	69846424	69847842	CpG:
21	70092491	70092939	CpG:
21	70287422	70287635	CpG:
21	70295815	70296966	CpG:
21	70333677	70333881	CpG:
21	70337509	70337751	CpG:
21	70357953	70358402	CpG:
21	70541348	70541981	CpG:
21	70829199	70829497	CpG:
21	70883255	70883573	CpG:
21	70897177	70897383	CpG:
21	70922974	70923235	CpG:
21	71002890	71003130	CpG:
21	71050464	71050877	CpG:
21	71272606	71274674	CpG:
21	71305929	71308145	CpG:
21	71361883	71362158	CpG:
21	71373169	71373801	CpG:
22	2116045	2117708	CpG:
22	2118922	2119895	CpG:
22	3052758	3054137	CpG:
22	6229143	6229528	CpG:
22	7285253	7285509	CpG:
22	7710818	7711189	CpG:
22	7733210	7734245	CpG:
22	10160525	10161360	CpG:
22	10379443	10380438	CpG:
22	10626494	10627588	CpG:
22	11813643	11814222	CpG:
22	12521557	12521910	CpG:
22	12966380	12967774	CpG:
22	13403881	13404208	CpG:
22	14996716	14997299	CpG:
22	15444372	15445313	CpG:
22	16904409	16904722	CpG:
22	17024287	17025244	CpG:
22	17609064	17609326	CpG:
22	17819445	17819688	CpG:
22	18570619	18570894	CpG:
22	22615676	22615923	CpG:
22	24380638	24381698	CpG:
22	28238537	28239580	CpG:
22	35067385	35068529	CpG:
22	44278018	44278702	CpG:
22	45094113	45094845	CpG:
22	46108486	46108892	CpG:
22	47372921	47375319	CpG:
22	47400818	47401266	CpG:
22	49032168	49033127	CpG:
22	49182125	49183140	CpG:
22	49232882	49233769	CpG:
22	49684814	49685061	CpG:
22	49848529	49849581	CpG:
22	50593233	50593980	CpG:
22	50690788	50691587	CpG:
22	50716707	50717676	CpG:
22	50760288	50761464	CpG:
22	51051977	51053020	CpG:
22	51070920	51071131	CpG:
22	51071926	51072272	CpG:
22	51079524	51080168	CpG:
22	51107578	51108556	CpG:
22	51206741	51207498	CpG:
22	51324857	51326028	CpG:
22	51448270	51448485	CpG:
22	51555477	51556686	CpG:
22	51859386	51860389	CpG:
22	53223903	53224449	CpG:
22	53925767	53926148	CpG:
22	54993482	54993952	CpG:
22	55062680	55063128	CpG:
22	55822164	55823132	CpG:
22	56204455	56204687	CpG:
22	56236177	56236413	CpG:
22	56785007	56785313	CpG:
22	57016636	57017025	CpG:
22	57925517	57926126	CpG:
22	58100175	58100401	CpG:
22	58146043	58148595	CpG:
22	58188196	58188462	CpG:
22	58443258	58443495	CpG:
22	58444853	58445065	CpG:
22	58446604	58447138	CpG:
22	58494534	58494755	CpG:
22	58561371	58561662	CpG:
22	58624453	58624727	CpG:
22	58649220	58649700	CpG:
22	58974242	58974693	CpG:
22	58994880	58995141	CpG:
22	58995699	58996072	CpG:
22	59058666	59058982	CpG:
22	59076248	59076786	CpG:
22	59079534	59079868	CpG:
22	59103233	59103540	CpG:
22	59268657	59268918	CpG:
22	59285069	59285327	CpG:
22	59321162	59321634	CpG:
22	59339637	59340169	CpG:
22	59383141	59383358	CpG:
22	59488330	59489522	CpG:
22	59526239	59528520	CpG:
22	59546296	59549277	CpG:
22	59681392	59681749	CpG:
22	59832937	59833489	CpG:
22	59898806	59899478	CpG:
22	60025078	60025439	CpG:
22	60036825	60040773	CpG:
22	60041371	60041683	CpG:
22	60046135	60046378	CpG:
22	60052334	60055355	CpG:
22	60056355	60056571	CpG:
22	60057389	60057652	CpG:
22	60063269	60087168	CpG:
22	60088044	60088715	CpG:
22	60089625	60092488	CpG:
22	60109579	60110042	CpG:
22	60120601	60121247	CpG:
22	60209913	60211187	CpG:
22	60211864	60212186	CpG:
22	60213957	60214716	CpG:
22	60298667	60299268	CpG:
22	60413482	60413782	CpG:
22	60428819	60429325	CpG:
22	60452020	60452300	CpG:
22	60488548	60489148	CpG:
22	60499901	60500272	CpG:
22	60503080	60507957	CpG:
22	60700541	60701736	CpG:
22	60702489	60702773	CpG:
22	60721375	60721778	CpG:
22	60761194	60761421	CpG:
22	60814829	60815330	CpG:
22	60897631	60898773	CpG:
22	61196035	61196303	CpG:
22	61203323	61203570	CpG:
22	61233679	61234005	CpG:
22	61241766	61242039	CpG:
23	864053	865051	CpG:
23	3227197	3227581	CpG:
23	6533274	6533507	CpG:
23	7393812	7395033	CpG:
23	7718383	7718587	CpG:
23	7719155	7719413	CpG:
23	7764674	7765165	CpG:
23	8568816	8569116	CpG:
23	8982459	8983473	CpG:
23	9002533	9005121	CpG:
23	9676055	9677212	CpG:
23	9944558	9945815	CpG:
23	10436530	10437031	CpG:
23	10735000	10735835	CpG:
23	11373353	11373876	CpG:
23	11593345	11596600	CpG:
23	13057029	13057471	CpG:
23	13057684	13058015	CpG:
23	15330873	15331298	CpG:
23	15373453	15376179	CpG:
23	15553988	15554435	CpG:
23	15623209	15624438	CpG:
23	16154702	16154906	CpG:
23	16757122	16757554	CpG:
23	17087313	17087805	CpG:
23	18670513	18673276	CpG:
23	19276850	19277657	CpG:
23	19714521	19715035	CpG:
23	23123229	23123477	CpG:
23	24650370	24650800	CpG:
23	24976843	24977361	CpG:
23	27040418	27040893	CpG:
23	27219135	27219620	CpG:
23	27332041	27333841	CpG:
23	27462967	27464163	CpG:
23	27631596	27631845	CpG:
23	28105261	28105502	CpG:
23	28128541	28128882	CpG:
23	28155611	28156650	CpG:
23	28259396	28259825	CpG:
23	29745881	29746097	CpG:
23	30178721	30179131	CpG:
23	31280925	31281496	CpG:
23	31554916	31555213	CpG:
23	31556098	31556475	CpG:
23	32848763	32849997	CpG:
23	33076793	33077459	CpG:
23	36298908	36301158	CpG:
23	37498527	37498980	CpG:
23	40193984	40195853	CpG:
23	41170144	41170744	CpG:
23	41173423	41173765	CpG:
23	42876904	42878281	CpG:
23	43053472	43054010	CpG:
23	44272262	44272532	CpG:
23	45058525	45058793	CpG:
23	45472949	45482702	CpG:
23	47336328	47336650	CpG:
23	47508445	47511260	CpG:
23	47888628	47888952	CpG:
23	47894906	47895256	CpG:
23	48018168	48018474	CpG:
23	48268945	48269317	CpG:
23	48888559	48888863	CpG:
23	49214845	49215457	CpG:
23	49410565	49411162	CpG:
23	49906190	49906780	CpG:
23	50210169	50210409	CpG:
23	50634071	50634442	CpG:
23	50738797	50739493	CpG:
23	51222260	51222754	CpG:
23	51393113	51393787	CpG:
23	51396311	51396534	CpG:
23	51399308	51400733	CpG:
23	51410170	51410865	CpG:
23	51430238	51430627	CpG:
23	51430846	51431093	CpG:
23	51448773	51449186	CpG:
23	51456298	51461514	CpG:
23	51562980	51564976	CpG:
23	51591750	51592083	CpG:
23	51593160	51593389	CpG:
23	51652765	51653067	CpG:
23	51653362	51653580	CpG:
23	51677531	51678013	CpG:
23	51773205	51773560	CpG:
23	51892402	51893670	CpG:
23	52317432	52318311	CpG:
24	806548	807515	CpG:
24	948820	950193	CpG:
24	977899	978275	CpG:
24	1047684	1048650	CpG:
24	1049849	1050085	CpG:
24	1114630	1114849	CpG:
24	1115690	1116228	CpG:
24	2648488	2648936	CpG:
24	2851077	2851684	CpG:
24	3580240	3580703	CpG:
24	3756021	3756246	CpG:
24	3758505	3760058	CpG:
24	3771924	3772202	CpG:
24	4195983	4197700	CpG:
24	4280819	4281561	CpG:
24	5613289	5616004	CpG:
24	9743461	9743813	CpG:
24	14346867	14347464	CpG:
24	19816916	19819939	CpG:
24	19860975	19861362	CpG:
24	19991647	19992224	CpG:
24	21316147	21317464	CpG:
24	21809959	21810413	CpG:
24	25964283	25965247	CpG:
24	28991589	28994643	CpG:
24	33254542	33254783	CpG:
24	33372522	33373039	CpG:
24	33506648	33507671	CpG:
24	33950811	33951920	CpG:
24	34928908	34929816	CpG:
24	35392342	35393603	CpG:
24	36114869	36119528	CpG:
24	37496012	37497754	CpG:
24	37559252	37559480	CpG:
24	37561117	37561329	CpG:
24	39219579	39220406	CpG:
24	40229020	40229346	CpG:
24	42615432	42616407	CpG:
24	43488156	43489303	CpG:
24	43984199	43984588	CpG:
24	48054192	48054730	CpG:
24	48973791	48974012	CpG:
24	49096798	49099175	CpG:
24	49124785	49125447	CpG:
24	50869839	50870851	CpG:
24	51071168	51071981	CpG:
24	54786293	54786682	CpG:
24	56527456	56527987	CpG:
24	57486438	57488512	CpG:
24	58282153	58282907	CpG:
24	58532171	58532389	CpG:
24	59250174	59251109	CpG:
24	60707940	60708284	CpG:
24	60922624	60922958	CpG:
24	61251511	61251730	CpG:
24	61388686	61389271	CpG:
24	62140273	62140533	CpG:
25	141735	142057	CpG:
25	144077	144699	CpG:
25	282510	282914	CpG:
25	310921	311909	CpG:
25	404210	405728	CpG:
25	444540	445020	CpG:
25	453221	453667	CpG:
25	456141	456673	CpG:
25	467603	469322	CpG:
25	492429	492685	CpG:
25	507106	507596	CpG:
25	517204	518890	CpG:
25	541964	543322	CpG:
25	570170	572279	CpG:
25	591766	592100	CpG:
25	598566	598830	CpG:
25	628068	628422	CpG:
25	629579	629968	CpG:
25	630164	630545	CpG:
25	786284	788147	CpG:
25	792618	793251	CpG:
25	832323	833017	CpG:
25	907974	908227	CpG:
25	981302	982674	CpG:
25	982890	983142	CpG:
25	1053855	1055203	CpG:
25	1229854	1230390	CpG:
25	1332224	1332441	CpG:
25	1333557	1333867	CpG:
25	1342136	1352053	CpG:
25	1363362	1363682	CpG:
25	1366580	1368673	CpG:
25	1390501	1392052	CpG:
25	1486489	1487104	CpG:
25	1636586	1648317	CpG:
25	1742782	1742990	CpG:
25	1746405	1747902	CpG:
25	1811748	1812206	CpG:
25	1973787	1974782	CpG:
25	1976645	1980981	CpG:
25	1981326	1981668	CpG:
25	2290769	2291986	CpG:
25	2294945	2295220	CpG:
25	2339606	2340281	CpG:
25	2426055	2426312	CpG:
25	2448209	2448570	CpG:
25	2486578	2486914	CpG:
25	2487699	2488280	CpG:
25	2552513	2553153	CpG:
25	2570883	2571780	CpG:
25	2576256	2576848	CpG:
25	2583783	2584523	CpG:
25	3043829	3044902	CpG:
25	3343753	3345017	CpG:
25	3479004	3479572	CpG:
25	3493728	3494055	CpG:
25	3500390	3500825	CpG:
25	3505617	3506007	CpG:
25	3533030	3533341	CpG:
25	3560759	3561786	CpG:
25	3771342	3771826	CpG:
25	3931658	3933308	CpG:
25	7580648	7581043	CpG:
25	7929929	7932730	CpG:
25	9662439	9662667	CpG:
25	9706560	9706826	CpG:
25	10324127	10325254	CpG:
25	10743720	10744192	CpG:
25	11371641	11372001	CpG:
25	12960307	12960940	CpG:
25	16908552	16909622	CpG:
25	20683942	20686188	CpG:
25	20955647	20955933	CpG:
25	21759248	21760713	CpG:
25	25139009	25139700	CpG:
25	25278312	25278607	CpG:
25	25356246	25356827	CpG:
25	25556859	25557283	CpG:
25	25558634	25558868	CpG:
25	26030265	26030480	CpG:
25	26535986	26536226	CpG:
25	26810875	26811689	CpG:
25	26818684	26819129	CpG:
25	26831339	26832077	CpG:
25	26985970	26986605	CpG:
25	27014953	27015556	CpG:
25	27875370	27875772	CpG:
25	27910895	27911448	CpG:
25	27985382	27986217	CpG:
25	28028219	28028774	CpG:
25	28256346	28256902	CpG:
25	28338630	28339617	CpG:
25	30180506	30180776	CpG:
25	33179911	33180484	CpG:
25	33194748	33195042	CpG:
25	33282008	33282263	CpG:
25	33775217	33775513	CpG:
25	33820323	33820731	CpG:
25	33988968	33989871	CpG:
25	34083713	34084838	CpG:
25	34258146	34258360	CpG:
25	34312305	34313099	CpG:
25	34819135	34819424	CpG:
25	35063810	35064417	CpG:
25	35070698	35071011	CpG:
25	35078504	35079165	CpG:
25	35192693	35193943	CpG:
25	35243161	35244211	CpG:
25	35776872	35777076	CpG:
25	36064861	36065078	CpG:
25	36084550	36084831	CpG:
25	36297678	36300288	CpG:
25	36491861	36492828	CpG:
25	36507355	36508309	CpG:
25	36607394	36607667	CpG:
25	36648659	36650426	CpG:
25	36783930	36784809	CpG:
25	36888211	36888608	CpG:
25	36895924	36896521	CpG:
25	36931732	36932182	CpG:
25	37796315	37796655	CpG:
25	37798145	37799067	CpG:
25	38088148	38088779	CpG:
25	38283312	38283527	CpG:
25	38322607	38323223	CpG:
25	38360966	38361260	CpG:
25	38673112	38673703	CpG:
25	38714247	38714458	CpG:
25	38925548	38926035	CpG:
25	39059839	39060806	CpG:
25	39080199	39081208	CpG:
25	39319751	39320323	CpG:
25	39331783	39332468	CpG:
25	39422684	39433282	CpG:
25	39453519	39455174	CpG:
25	39483232	39483497	CpG:
25	39494260	39494888	CpG:
25	39513968	39516015	CpG:
25	39683977	39684608	CpG:
25	39687030	39687409	CpG:
25	39716019	39716909	CpG:
25	39760190	39766162	CpG:
25	39776733	39777394	CpG:
25	39800831	39801648	CpG:
25	39856616	39857028	CpG:
25	39978241	39978447	CpG:
25	40058453	40058760	CpG:
25	40093031	40093386	CpG:
25	40139469	40140099	CpG:
25	40744550	40744834	CpG:
25	41053748	41054220	CpG:
25	41062344	41062667	CpG:
25	41127718	41128140	CpG:
25	41144848	41145382	CpG:
25	41179086	41179483	CpG:
25	41193313	41193643	CpG:
25	41282334	41282713	CpG:
25	41312534	41314094	CpG:
25	41323062	41323772	CpG:
25	41389761	41390864	CpG:
25	41418894	41419209	CpG:
25	41511729	41512533	CpG:
25	41546460	41547139	CpG:
25	41610735	41610980	CpG:
25	41612211	41612416	CpG:
25	41613173	41614040	CpG:
25	41644855	41648646	CpG:
25	41670838	41671097	CpG:
25	41676291	41676504	CpG:
25	41691528	41692527	CpG:
25	41748704	41749589	CpG:
25	41832977	41833572	CpG:
25	41940648	41941279	CpG:
25	41958205	41958845	CpG:
25	41982337	42002645	CpG:
25	42073470	42073753	CpG:
25	42139447	42139875	CpG:
25	42152516	42152750	CpG:
25	42156227	42158194	CpG:
25	42209972	42210931	CpG:
25	42249283	42249551	CpG:
25	42249839	42250196	CpG:
25	42259383	42261004	CpG:
25	42264838	42270218	CpG:
25	42372075	42372365	CpG:
25	42372694	42372969	CpG:
25	42379821	42381059	CpG:
25	42458551	42458924	CpG:
25	42474877	42475768	CpG:
25	42504389	42504620	CpG:
25	42521207	42521631	CpG:
25	42541140	42541358	CpG:
25	42541677	42541957	CpG:
25	42542293	42542878	CpG:
25	42543598	42543818	CpG:
25	42580874	42581153	CpG:
25	42586666	42587691	CpG:
25	42600922	42601272	CpG:
25	42642087	42642645	CpG:
25	42649076	42649344	CpG:
25	42683484	42685022	CpG:
25	42687393	42687621	CpG:
25	42687961	42688182	CpG:
25	42694036	42697064	CpG:
25	42742249	42742811	CpG:
26	3590824	3591481	CpG:
26	7475074	7475757	CpG:
26	11383348	11383907	CpG:
26	14458041	14458891	CpG:
26	14459858	14461555	CpG:
26	16776987	16777403	CpG:
26	16918943	16919585	CpG:
26	17278106	17279481	CpG:
26	18136330	18136642	CpG:
26	18683889	18684685	CpG:
26	20310019	20310619	CpG:
26	20402028	20403171	CpG:
26	20550774	20551088	CpG:
26	21391245	21391569	CpG:
26	21392686	21393077	CpG:
26	21463414	21464205	CpG:
26	21468983	21470849	CpG:
26	21548493	21548974	CpG:
26	21747455	21747830	CpG:
26	22937610	22938215	CpG:
26	23100902	23101515	CpG:
26	23276066	23276380	CpG:
26	23617950	23618361	CpG:
26	24131322	24133223	CpG:
26	24398431	24399268	CpG:
26	24462909	24464072	CpG:
26	24491541	24492482	CpG:
26	24672167	24673906	CpG:
26	25088026	25088915	CpG:
26	25133353	25134673	CpG:
26	25467983	25469891	CpG:
26	25814932	25815189	CpG:
26	25816008	25816632	CpG:
26	25831413	25831616	CpG:
26	25927927	25930128	CpG:
26	25941435	25942124	CpG:
26	25955139	25956643	CpG:
26	25972730	25973738	CpG:
26	25976336	25977180	CpG:
26	29045605	29046405	CpG:
26	31058051	31058609	CpG:
26	31326287	31327744	CpG:
26	31386891	31387846	CpG:
26	34998273	34998974	CpG:
26	37556263	37556601	CpG:
26	38172279	38174569	CpG:
26	39357063	39357799	CpG:
26	39701102	39702897	CpG:
26	40059902	40061615	CpG:
26	42579349	42580495	CpG:
26	43263987	43265506	CpG:
26	43270674	43271298	CpG:
26	43276606	43277718	CpG:
26	44045699	44045909	CpG:
26	44416304	44417525	CpG:
26	44632355	44632564	CpG:
26	47000931	47001868	CpG:
26	47812740	47812952	CpG:
26	48025689	48025955	CpG:
26	49121928	49122347	CpG:
26	49442687	49443040	CpG:
26	49446413	49446642	CpG:
26	49520274	49520488	CpG:
26	49526397	49526643	CpG:
26	49532304	49533177	CpG:
26	49561239	49561744	CpG:
26	49606035	49606375	CpG:
26	49609564	49609791	CpG:
26	49687251	49687469	CpG:
26	50800440	50800977	CpG:
26	50835690	50836431	CpG:
26	50865365	50865759	CpG:
26	50876598	50877383	CpG:
26	50882763	50889811	CpG:
26	50912727	50912950	CpG:
26	50937229	50937623	CpG:
26	50985227	50985543	CpG:
26	51007352	51008836	CpG:
26	51040477	51041046	CpG:
26	51085292	51085584	CpG:
26	51126065	51128757	CpG:
26	51174688	51175724	CpG:
26	51215340	51215718	CpG:
26	51245028	51245678	CpG:
26	51257721	51259734	CpG:
26	51450187	51451496	CpG:
26	51568064	51568358	CpG:
26	51568854	51569148	CpG:
26	51571494	51572356	CpG:
26	51642157	51643487	CpG:
26	51675416	51675700	CpG:
27	98088	99977	CpG:
27	296532	296777	CpG:
27	314396	314627	CpG:
27	4530265	4530667	CpG:
27	4531495	4531917	CpG:
27	4678653	4680282	CpG:
27	6752564	6753653	CpG:
27	12472721	12473376	CpG:
27	13294777	13295976	CpG:
27	14109796	14111131	CpG:
27	14579062	14579829	CpG:
27	14760536	14761056	CpG:
27	15306936	15307638	CpG:
27	15600267	15604444	CpG:
27	16744795	16745413	CpG:
27	18851990	18852800	CpG:
27	20852139	20852758	CpG:
27	20913663	20914613	CpG:
27	23317423	23318187	CpG:
27	26714232	26716333	CpG:
27	32683015	32685813	CpG:
27	33225921	33227238	CpG:
27	33263732	33263970	CpG:
27	33264882	33265334	CpG:
27	33780054	33780604	CpG:
27	33900465	33900806	CpG:
27	36226758	36227484	CpG:
27	36813000	36813517	CpG:
27	38089275	38090267	CpG:
27	42395093	42395428	CpG:
27	43992506	43993118	CpG:
27	44476670	44476915	CpG:
28	199163	199542	CpG:
28	1510646	1510929	CpG:
28	2875420	2875698	CpG:
28	2959270	2960063	CpG:
28	6241742	6243781	CpG:
28	6761815	6763101	CpG:
28	7641618	7641852	CpG:
28	8408533	8409576	CpG:
28	13562358	13563712	CpG:
28	13778498	13779393	CpG:
28	13948106	13948512	CpG:
28	15510611	15512016	CpG:
28	16802731	16803216	CpG:
28	19004193	19005728	CpG:
28	25334418	25335486	CpG:
28	25922299	25922749	CpG:
28	28102045	28102282	CpG:
28	28867900	28868492	CpG:
28	29798843	29799277	CpG:
28	29833155	29834379	CpG:
28	31171474	31173138	CpG:
28	31317999	31320682	CpG:
28	33924934	33925147	CpG:
28	33926402	33926709	CpG:
28	35128804	35129128	CpG:
28	36124889	36125382	CpG:
28	39750198	39750471	CpG:
28	41744902	41745201	CpG:
28	42576648	42577416	CpG:
28	43227329	43227748	CpG:
28	44122892	44126336	CpG:
28	44612449	44613060	CpG:
28	44776700	44776979	CpG:
29	950265	950624	CpG:
29	1352544	1353589	CpG:
29	2762823	2765953	CpG:
29	7239568	7240267	CpG:
29	17864594	17865171	CpG:
29	22423215	22423664	CpG:
29	28699230	28700544	CpG:
29	28966535	28968378	CpG:
29	28968858	28969107	CpG:
29	32589379	32592793	CpG:
29	32874551	32876617	CpG:
29	33671785	33672730	CpG:
29	36654320	36654842	CpG:
29	36780451	36782189	CpG:
29	40616338	40617071	CpG:
29	40716127	40716409	CpG:
29	41634468	41634761	CpG:
29	41693279	41694624	CpG:
29	42811486	42812416	CpG:
29	42891154	42891747	CpG:
29	42892746	42893466	CpG:
29	42893988	42894278	CpG:
29	43159514	43160747	CpG:
29	44299704	44299909	CpG:
29	44431987	44432938	CpG:
29	44464365	44465109	CpG:
29	44657557	44657885	CpG:
29	44944755	44945017	CpG:
29	45017515	45019248	CpG:
29	45162391	45162991	CpG:
29	45273632	45274578	CpG:
29	45299268	45300295	CpG:
29	45373060	45373680	CpG:
29	45425537	45425772	CpG:
29	45462565	45463598	CpG:
29	45965352	45966005	CpG:
29	45997731	45998451	CpG:
29	46211493	46212007	CpG:
29	46242897	46243309	CpG:
29	46489670	46489933	CpG:
29	46590393	46591649	CpG:
29	46914691	46915769	CpG:
29	47037591	47038142	CpG:
29	47098457	47098836	CpG:
29	47172265	47172508	CpG:
29	47419520	47420048	CpG:
29	47422432	47422678	CpG:
29	47565444	47565983	CpG:
29	47568062	47568385	CpG:
29	47698144	47700811	CpG:
29	47916702	47917674	CpG:
29	48009235	48009456	CpG:
29	48182259	48182624	CpG:
29	48359030	48359597	CpG:
29	48399234	48399457	CpG:
29	48478600	48479364	CpG:
29	48521049	48523140	CpG:
29	48531146	48531349	CpG:
29	48544599	48544843	CpG:
29	49160271	49160913	CpG:
29	49202209	49203061	CpG:
29	49351517	49351900	CpG:
29	49387997	49388332	CpG:
29	49447796	49448180	CpG:
29	49502729	49502994	CpG:
29	49701238	49701991	CpG:
29	49839611	49840577	CpG:
29	49921057	49921754	CpG:
29	49954343	49957413	CpG:
29	50050991	50051620	CpG:
29	50054172	50056564	CpG:
29	50064109	50065150	CpG:
29	50151358	50152214	CpG:
29	50159595	50159911	CpG:
29	50217173	50217788	CpG:
29	50228058	50228306	CpG:
29	50247930	50248195	CpG:
29	50254066	50254490	CpG:
29	50260278	50260528	CpG:
29	50404600	50404806	CpG:
29	50524109	50524386	CpG:
29	50545394	50545734	CpG:
29	50552215	50553682	CpG:
29	50651273	50651620	CpG:
29	50688833	50689851	CpG:
29	50746151	50747892	CpG:
29	50849066	50849997	CpG:
29	50862668	50864074	CpG:
29	50878778	50879531	CpG:
29	50938450	50940123	CpG:
29	50963728	50964567	CpG:
29	51015535	51017013	CpG:
29	51023102	51025723	CpG:
29	51063243	51063449	CpG:
29	51071398	51071958	CpG:
29	51072361	51072602	CpG:
29	51076024	51076685	CpG:
29	51122767	51123535	CpG:
29	51136475	51136728	CpG:
29	51281966	51282850	CpG:
29	51292683	51293720	CpG:
29	51295445	51297132	CpG:
29	51395074	51395334	CpG:
29	51396040	51396340	CpG:
29	51438789	51440222	CpG:
29	51459656	51460746	CpG:
3	345575	346122	CpG:
3	767313	769081	CpG:
3	3118920	3119999	CpG:
3	3252156	3252445	CpG:
3	7599668	7599968	CpG:
3	8381690	8382000	CpG:
3	8395478	8395682	CpG:
3	9537801	9538011	CpG:
3	9699503	9699811	CpG:
3	9720061	9720503	CpG:
3	10682932	10683677	CpG:
3	13977291	13977959	CpG:
3	13992864	13993932	CpG:
3	14400634	14400913	CpG:
3	14507197	14507646	CpG:
3	15403716	15404979	CpG:
3	15422425	15422963	CpG:
3	15585614	15586870	CpG:
3	15634092	15634544	CpG:
3	15681882	15682719	CpG:
3	16382536	16382994	CpG:
3	16564874	16565808	CpG:
3	18799567	18799863	CpG:
3	19364035	19364264	CpG:
3	19778368	19779136	CpG:
3	20453736	20454625	CpG:
3	21177014	21177378	CpG:
3	21226919	21227136	CpG:
3	21230379	21230693	CpG:
3	21378735	21378982	CpG:
3	21444990	21445559	CpG:
3	21445767	21446328	CpG:
3	22634497	22635291	CpG:
3	26689920	26690154	CpG:
3	27594907	27596815	CpG:
3	28688050	28688694	CpG:
3	29771046	29771667	CpG:
3	30963961	30964422	CpG:
3	31704045	31704959	CpG:
3	33468951	33471945	CpG:
3	34150516	34151456	CpG:
3	36336248	36338066	CpG:
3	44775410	44775945	CpG:
3	50448174	50449097	CpG:
3	50657784	50658817	CpG:
3	53585941	53586564	CpG:
3	55179248	55179752	CpG:
3	59080342	59081861	CpG:
3	59376830	59377497	CpG:
3	68986180	68986540	CpG:
3	69913564	69916005	CpG:
3	75280540	75280814	CpG:
3	78243435	78244755	CpG:
3	80581406	80583024	CpG:
3	82584600	82585624	CpG:
3	92745619	92746337	CpG:
3	93047097	93048899	CpG:
3	94331180	94331838	CpG:
3	94782556	94783344	CpG:
3	95288068	95288563	CpG:
3	95920431	95921020	CpG:
3	98370216	98370715	CpG:
3	99229382	99229649	CpG:
3	99433164	99434997	CpG:
3	100338150	100338804	CpG:
3	101791465	101792018	CpG:
3	101877408	101878199	CpG:
3	102225572	102226622	CpG:
3	102236030	102238549	CpG:
3	102423695	102423899	CpG:
3	104402016	104402496	CpG:
3	104477228	104477737	CpG:
3	105434863	105435765	CpG:
3	105797176	105797871	CpG:
3	106245872	106246409	CpG:
3	107133722	107134014	CpG:
3	107173631	107175276	CpG:
3	107517757	107519168	CpG:
3	108507790	108510062	CpG:
3	108510605	108511135	CpG:
3	108740050	108740700	CpG:
3	110889263	110889490	CpG:
3	110890580	110890813	CpG:
3	111073810	111074275	CpG:
3	111205574	111206043	CpG:
3	113232142	113232427	CpG:
3	114715804	114717498	CpG:
3	115654499	115654997	CpG:
3	116266215	116274175	CpG:
3	117631298	117631506	CpG:
3	117632538	117632785	CpG:
3	117774989	117775773	CpG:
3	118087485	118087841	CpG:
3	118157863	118158873	CpG:
3	118279819	118280253	CpG:
3	118289758	118290542	CpG:
3	118290741	118290987	CpG:
3	118296207	118296896	CpG:
3	118297670	118298007	CpG:
3	118646774	118647176	CpG:
3	119142178	119142474	CpG:
3	119206300	119206564	CpG:
3	119346527	119346794	CpG:
3	119347480	119347732	CpG:
3	119347917	119348313	CpG:
3	119355665	119356050	CpG:
3	119377113	119377532	CpG:
3	119497023	119497308	CpG:
3	119535151	119535399	CpG:
3	119769895	119770287	CpG:
3	120219624	120219837	CpG:
3	120245379	120245802	CpG:
3	120307359	120307575	CpG:
3	120309029	120309363	CpG:
3	120330627	120330952	CpG:
3	120382575	120385954	CpG:
3	120549868	120550294	CpG:
3	120564984	120565230	CpG:
3	120605155	120609033	CpG:
3	120684757	120685050	CpG:
3	120687907	120688135	CpG:
3	120734367	120735416	CpG:
3	120769369	120769694	CpG:
3	120786911	120787420	CpG:
3	120829428	120832439	CpG:
3	120865932	120869479	CpG:
3	120901630	120901863	CpG:
3	120903123	120903360	CpG:
3	120903973	120908971	CpG:
3	120929052	120929308	CpG:
3	121008285	121008534	CpG:
3	121090471	121090674	CpG:
3	121098593	121100011	CpG:
3	121161993	121162362	CpG:
3	121218800	121219343	CpG:
3	121258186	121258448	CpG:
3	121316977	121318026	CpG:
4	4494289	4494737	CpG:
4	8490072	8492812	CpG:
4	10724621	10724907	CpG:
4	12038324	12039011	CpG:
4	14275099	14275476	CpG:
4	14292354	14296317	CpG:
4	17176291	17176649	CpG:
4	25096257	25097512	CpG:
4	48544931	48545766	CpG:
4	61174456	61175052	CpG:
4	66452893	66454690	CpG:
4	68444995	68445756	CpG:
4	69254841	69256211	CpG:
4	69271814	69272057	CpG:
4	69335075	69337920	CpG:
4	69340098	69342317	CpG:
4	70412505	70413279	CpG:
4	77310986	77311595	CpG:
4	77365755	77366766	CpG:
4	77540048	77540912	CpG:
4	77778981	77780052	CpG:
4	77873340	77874138	CpG:
4	79986746	79986982	CpG:
4	86598364	86599487	CpG:
4	87519078	87519783	CpG:
4	88100193	88101414	CpG:
4	92325476	92328193	CpG:
4	92395016	92395223	CpG:
4	92678560	92679753	CpG:
4	93280278	93280569	CpG:
4	93617490	93617717	CpG:
4	93624199	93624470	CpG:
4	93632543	93632771	CpG:
4	93633205	93633456	CpG:
4	93705693	93707609	CpG:
4	94209482	94210069	CpG:
4	94415421	94419405	CpG:
4	95065543	95067176	CpG:
4	103464216	103465394	CpG:
4	103593676	103595227	CpG:
4	104304718	104304960	CpG:
4	104494332	104496008	CpG:
4	104718096	104718381	CpG:
4	107597833	107600080	CpG:
4	113153283	113153643	CpG:
4	113455875	113456151	CpG:
4	114393127	114394043	CpG:
4	114438670	114438967	CpG:
4	114441282	114441571	CpG:
4	114457789	114458237	CpG:
4	114553545	114554368	CpG:
4	115057489	115058110	CpG:
4	115390907	115391730	CpG:
4	115629678	115630735	CpG:
4	115951599	115951955	CpG:
4	116604374	116605932	CpG:
4	116710341	116712814	CpG:
4	117555574	117555838	CpG:
4	117871432	117871646	CpG:
4	117994369	117996476	CpG:
4	118097397	118097737	CpG:
4	118110307	118110888	CpG:
4	118265596	118274814	CpG:
4	118364903	118365162	CpG:
4	118420796	118421120	CpG:
4	118859147	118860141	CpG:
4	119127160	119127478	CpG:
4	119181990	119182428	CpG:
4	119434941	119435289	CpG:
4	119437901	119438544	CpG:
4	119629653	119630277	CpG:
4	119634694	119639766	CpG:
4	119751903	119752296	CpG:
4	119874538	119878028	CpG:
4	119911104	119911650	CpG:
4	119912547	119914515	CpG:
4	120003822	120004092	CpG:
4	120004398	120004750	CpG:
4	120305175	120307295	CpG:
4	120520548	120520926	CpG:
5	1906570	1908804	CpG:
5	23522915	23526367	CpG:
5	25778178	25778885	CpG:
5	26137519	26137755	CpG:
5	26138431	26138735	CpG:
5	26140368	26140605	CpG:
5	26196575	26197558	CpG:
5	26251264	26252218	CpG:
5	27964455	27964716	CpG:
5	27967498	27968198	CpG:
5	29979291	29979512	CpG:
5	30098020	30098493	CpG:
5	30648599	30650454	CpG:
5	30896405	30898821	CpG:
5	31009577	31010078	CpG:
5	31010865	31011567	CpG:
5	31125558	31126452	CpG:
5	31129660	31130504	CpG:
5	32098388	32099091	CpG:
5	32278143	32279363	CpG:
5	32675668	32676542	CpG:
5	34698807	34699360	CpG:
5	38365729	38367256	CpG:
5	38673554	38674664	CpG:
5	41963558	41964674	CpG:
5	42837265	42837790	CpG:
5	43346263	43348265	CpG:
5	43493654	43494796	CpG:
5	45398440	45399330	CpG:
5	46944616	46946024	CpG:
5	49545189	49546147	CpG:
5	51208909	51210486	CpG:
5	56051148	56052592	CpG:
5	56205503	56207408	CpG:
5	56214543	56214888	CpG:
5	56216746	56216987	CpG:
5	56284552	56284928	CpG:
5	56285263	56285578	CpG:
5	56548263	56549090	CpG:
5	56569482	56569870	CpG:
5	57090943	57092154	CpG:
5	57399117	57400131	CpG:
5	57517446	57517911	CpG:
5	65453222	65453959	CpG:
5	68128079	68128504	CpG:
5	73990347	73991240	CpG:
5	75096219	75096464	CpG:
5	75178964	75180488	CpG:
5	75240431	75240736	CpG:
5	75816563	75818260	CpG:
5	88285747	88287691	CpG:
5	88580331	88580966	CpG:
5	90960853	90961272	CpG:
5	95098073	95098710	CpG:
5	104414200	104414917	CpG:
5	106278481	106279114	CpG:
5	107091276	107091590	CpG:
5	107549181	107549406	CpG:
5	110279093	110280062	CpG:
5	110482871	110483386	CpG:
5	110488294	110488767	CpG:
5	110839501	110840805	CpG:
5	110956302	110956818	CpG:
5	111293534	111294682	CpG:
5	111423449	111424865	CpG:
5	112739177	112740215	CpG:
5	112800931	112801384	CpG:
5	112801629	112802730	CpG:
5	113469269	113469499	CpG:
5	113488875	113489507	CpG:
5	114071788	114072822	CpG:
5	114520373	114520647	CpG:
5	114526233	114526599	CpG:
5	114627058	114628257	CpG:
5	114686548	114686809	CpG:
5	114690114	114690613	CpG:
5	115542136	115542338	CpG:
5	116047481	116048334	CpG:
5	116350150	116350659	CpG:
5	116350836	116351101	CpG:
5	116690234	116690457	CpG:
5	117014670	117015505	CpG:
5	117027198	117027577	CpG:
5	117045770	117045989	CpG:
5	117112786	117114536	CpG:
5	117119734	117120536	CpG:
5	117711184	117712122	CpG:
5	117906614	117907972	CpG:
5	118027296	118028418	CpG:
5	118075726	118075927	CpG:
5	118086077	118086976	CpG:
5	118088827	118089052	CpG:
5	118187995	118188515	CpG:
5	118222458	118223192	CpG:
5	118748725	118748926	CpG:
5	119483358	119483732	CpG:
5	119558135	119558449	CpG:
5	119624482	119625030	CpG:
5	119736547	119736953	CpG:
5	119770660	119772488	CpG:
5	119790719	119793685	CpG:
5	119819126	119820975	CpG:
5	119833991	119834980	CpG:
5	119848738	119851147	CpG:
5	119877396	119877863	CpG:
5	119895339	119896237	CpG:
5	119990106	119990416	CpG:
5	119992598	119993284	CpG:
5	120032198	120032888	CpG:
5	120100447	120100828	CpG:
5	120151844	120152190	CpG:
5	120171923	120172337	CpG:
5	120181601	120182504	CpG:
5	120188424	120188638	CpG:
5	120189049	120190068	CpG:
5	120201625	120201913	CpG:
5	120202807	120205314	CpG:
5	120408238	120408523	CpG:
5	120572032	120572327	CpG:
5	120727683	120728521	CpG:
5	120760853	120761462	CpG:
5	120826471	120833865	CpG:
5	120932716	120939452	CpG:
5	120951523	120951782	CpG:
5	120958785	120959190	CpG:
5	120969173	120971184	CpG:
5	121182973	121183489	CpG:
6	936825	937706	CpG:
6	8906753	8907539	CpG:
6	10053772	10054008	CpG:
6	15989994	15990890	CpG:
6	16846725	16847390	CpG:
6	21317674	21318406	CpG:
6	26101161	26102034	CpG:
6	27333118	27334525	CpG:
6	36922610	36923247	CpG:
6	45929251	45930013	CpG:
6	47821680	47822923	CpG:
6	59577423	59578100	CpG:
6	60265522	60266509	CpG:
6	60419720	60420585	CpG:
6	61872025	61873572	CpG:
6	62425918	62428300	CpG:
6	62659578	62661762	CpG:
6	64749773	64751356	CpG:
6	68227965	68228668	CpG:
6	73120856	73121432	CpG:
6	73487186	73488489	CpG:
6	89460467	89460855	CpG:
6	93058387	93058612	CpG:
6	96794738	96795419	CpG:
6	98932437	98934540	CpG:
6	104789057	104790376	CpG:
6	106632554	106633218	CpG:
6	106729077	106729350	CpG:
6	106743172	106743613	CpG:
6	106787621	106787954	CpG:
6	106824337	106824619	CpG:
6	106959553	106959852	CpG:
6	106960161	106960508	CpG:
6	106961853	106962068	CpG:
6	107116068	107116337	CpG:
6	107122122	107122326	CpG:
6	107123127	107123351	CpG:
6	107279647	107279951	CpG:
6	107319673	107319934	CpG:
6	107326138	107326824	CpG:
6	107477637	107478195	CpG:
6	107574974	107576368	CpG:
6	108023886	108024163	CpG:
6	108032125	108032643	CpG:
6	108033433	108033636	CpG:
6	108080426	108080940	CpG:
6	108081253	108081537	CpG:
6	108125875	108128444	CpG:
6	108163375	108163583	CpG:
6	108219008	108219213	CpG:
6	108360187	108360468	CpG:
6	108449701	108450510	CpG:
6	108452577	108454066	CpG:
6	108478457	108478732	CpG:
6	108489488	108491137	CpG:
6	108703176	108703416	CpG:
6	108729324	108729745	CpG:
6	108979680	108980938	CpG:
6	109021628	109022048	CpG:
6	109035499	109036568	CpG:
6	109074279	109074573	CpG:
6	109076604	109078077	CpG:
6	109146052	109146273	CpG:
6	109147330	109147665	CpG:
6	109168678	109169134	CpG:
6	109170191	109170432	CpG:
6	109170756	109170968	CpG:
6	109171250	109171472	CpG:
6	109329234	109330520	CpG:
6	109344032	109344537	CpG:
6	109350083	109351641	CpG:
6	109420465	109420747	CpG:
6	109499121	109499429	CpG:
6	109516829	109517321	CpG:
6	109646907	109647437	CpG:
6	109695703	109696455	CpG:
6	118176259	118176598	CpG:
6	118437217	118438600	CpG:
6	118525883	118526326	CpG:
6	119091559	119093647	CpG:
6	119123420	119123714	CpG:
6	119129810	119130784	CpG:
6	119148109	119148425	CpG:
7	574413	575241	CpG:
7	826257	827246	CpG:
7	1081636	1082084	CpG:
7	1345225	1346087	CpG:
7	2366194	2367042	CpG:
7	2591225	2591555	CpG:
7	2601605	2601970	CpG:
7	2707090	2707354	CpG:
7	3623501	3624612	CpG:
7	4113310	4114288	CpG:
7	4263947	4266109	CpG:
7	4299409	4300368	CpG:
7	4354196	4357766	CpG:
7	4359397	4360032	CpG:
7	4473692	4473947	CpG:
7	4479971	4480185	CpG:
7	4537486	4538067	CpG:
7	4669200	4674460	CpG:
7	4677922	4679351	CpG:
7	5335607	5336011	CpG:
7	5525936	5526503	CpG:
7	5795932	5796703	CpG:
7	6384759	6385584	CpG:
7	6586817	6587556	CpG:
7	7826707	7826928	CpG:
7	7827977	7828239	CpG:
7	7828948	7829149	CpG:
7	8720622	8720920	CpG:
7	8753978	8754806	CpG:
7	8911226	8912689	CpG:
7	8949711	8950288	CpG:
7	13153310	13153517	CpG:
7	13547985	13548766	CpG:
7	13556710	13556963	CpG:
7	13793566	13794893	CpG:
7	13845725	13846341	CpG:
7	15324616	15325098	CpG:
7	15915001	15915380	CpG:
7	16381936	16382144	CpG:
7	16846840	16847685	CpG:
7	17134650	17134922	CpG:
7	17513497	17514203	CpG:
7	17590549	17591181	CpG:
7	17622644	17625112	CpG:
7	18204356	18207159	CpG:
7	18344001	18345240	CpG:
7	18440469	18440777	CpG:
7	18459335	18459654	CpG:
7	18958327	18959398	CpG:
7	19269567	19269885	CpG:
7	19756743	19758226	CpG:
7	19781556	19781797	CpG:
7	20223628	20223875	CpG:
7	20224983	20225315	CpG:
7	20227786	20228478	CpG:
7	20754277	20755115	CpG:
7	20799095	20799670	CpG:
7	21179455	21180040	CpG:
7	21252198	21252866	CpG:
7	21446412	21446698	CpG:
7	21447204	21447521	CpG:
7	21550013	21550272	CpG:
7	21561522	21561788	CpG:
7	21585200	21586037	CpG:
7	21646515	21647074	CpG:
7	21882452	21883013	CpG:
7	22099285	22099868	CpG:
7	22200164	22200424	CpG:
7	22200608	22200877	CpG:
7	22459164	22460602	CpG:
7	22560117	22561996	CpG:
7	22579635	22581246	CpG:
7	22629420	22631047	CpG:
7	22666827	22667040	CpG:
7	22685959	22687656	CpG:
7	22698435	22700278	CpG:
7	22778947	22779701	CpG:
7	24071245	24072030	CpG:
7	24435890	24437093	CpG:
7	32388321	32388992	CpG:
7	35965187	35965405	CpG:
7	38664943	38669378	CpG:
7	39207331	39207772	CpG:
7	39368475	39369312	CpG:
7	39455530	39456777	CpG:
7	41731169	41732243	CpG:
7	42331524	42333039	CpG:
7	44628563	44629572	CpG:
7	44850233	44851491	CpG:
7	44887570	44888478	CpG:
7	44971178	44971513	CpG:
7	45080501	45081759	CpG:
7	45138677	45139312	CpG:
7	45140110	45140437	CpG:
7	45168540	45168801	CpG:
7	45169529	45170373	CpG:
7	45271000	45273180	CpG:
7	45426865	45427417	CpG:
7	45490408	45496645	CpG:
7	45630427	45631424	CpG:
7	45722094	45723196	CpG:
7	45744515	45744806	CpG:
7	45773373	45773658	CpG:
7	45783588	45784564	CpG:
7	48062590	48064500	CpG:
7	49228093	49229540	CpG:
7	51687616	51688696	CpG:
7	52252558	52253479	CpG:
7	53024917	53025406	CpG:
7	53047605	53048417	CpG:
7	53948205	53949136	CpG:
7	54436882	54437595	CpG:
7	54690956	54691512	CpG:
7	54759175	54759413	CpG:
7	54836952	54837710	CpG:
7	62770049	62770271	CpG:
7	63064487	63066675	CpG:
7	63457338	63458354	CpG:
7	67714579	67715012	CpG:
7	71336265	71337311	CpG:
7	75703691	75703896	CpG:
7	82624660	82625961	CpG:
7	82983717	82985409	CpG:
7	83569071	83569379	CpG:
7	90560509	90560936	CpG:
7	95439158	95441938	CpG:
7	97593137	97593398	CpG:
7	98444755	98445289	CpG:
7	98782464	98784497	CpG:
7	102553479	102554250	CpG:
7	103773678	103774369	CpG:
7	104559137	104560462	CpG:
7	109517947	109518186	CpG:
7	111114931	111116368	CpG:
8	683213	683943	CpG:
8	1184926	1185300	CpG:
8	1532700	1533380	CpG:
8	5737362	5737925	CpG:
8	5739187	5739627	CpG:
8	7525941	7527020	CpG:
8	7530533	7533350	CpG:
8	8575404	8575613	CpG:
8	10162506	10163031	CpG:
8	10739835	10740656	CpG:
8	11025703	11026344	CpG:
8	17268476	17268793	CpG:
8	22127802	22129548	CpG:
8	22504589	22506146	CpG:
8	23179101	23180133	CpG:
8	24925642	24926184	CpG:
8	28822622	28822997	CpG:
8	38931042	38932046	CpG:
8	39337794	39338927	CpG:
8	42140357	42141912	CpG:
8	43784835	43786685	CpG:
8	43876068	43878126	CpG:
8	44078826	44079388	CpG:
8	44631618	44632797	CpG:
8	48658205	48658589	CpG:
8	51336016	51336982	CpG:
8	59656259	59657125	CpG:
8	60207242	60208184	CpG:
8	60311656	60312774	CpG:
8	60335536	60336090	CpG:
8	60820034	60820557	CpG:
8	60849127	60849988	CpG:
8	61571630	61573535	CpG:
8	61956663	61956988	CpG:
8	62452102	62452762	CpG:
8	63297511	63298464	CpG:
8	67436065	67436482	CpG:
8	69957442	69957982	CpG:
8	70406412	70407354	CpG:
8	70908152	70908652	CpG:
8	70974143	70974536	CpG:
8	71257106	71257741	CpG:
8	71698187	71699177	CpG:
8	73183144	73184552	CpG:
8	74324662	74330797	CpG:
8	75090061	75091092	CpG:
8	77415107	77415610	CpG:
8	78418651	78419895	CpG:
8	80545143	80545856	CpG:
8	80697472	80698703	CpG:
8	82096380	82097517	CpG:
8	82932214	82932929	CpG:
8	83579164	83582153	CpG:
8	86054444	86054755	CpG:
8	86685716	86689995	CpG:
8	90445930	90446132	CpG:
8	91625990	91626863	CpG:
8	92345590	92346795	CpG:
8	92751024	92751827	CpG:
8	96705727	96706055	CpG:
8	100138553	100139523	CpG:
8	100361427	100362399	CpG:
8	100881269	100882114	CpG:
8	104539724	104540030	CpG:
8	107150649	107151367	CpG:
8	107653811	107655593	CpG:
8	111844837	111845652	CpG:
8	112189304	112189664	CpG:
8	113079576	113079896	CpG:
8	113294608	113294837	CpG:
8	113334576	113334981	CpG:
9	79338	80409	CpG:
9	102384	103014	CpG:
9	7506264	7506823	CpG:
9	9581424	9583243	CpG:
9	11331667	11332011	CpG:
9	11686523	11687875	CpG:
9	12862402	12862698	CpG:
9	23622671	23622951	CpG:
9	24445558	24448267	CpG:
9	28696205	28697057	CpG:
9	29000526	29001584	CpG:
9	33763169	33764259	CpG:
9	33947034	33948500	CpG:
9	34793865	34795154	CpG:
9	39622972	39623878	CpG:
9	39759467	39760289	CpG:
9	42117617	42122243	CpG:
9	42759333	42759551	CpG:
9	51584360	51585171	CpG:
9	51601260	51604245	CpG:
9	57622549	57625855	CpG:
9	61291156	61291697	CpG:
9	61924321	61925882	CpG:
9	66112945	66113488	CpG:
9	69425562	69426894	CpG:
9	70180728	70181365	CpG:
9	71341406	71342310	CpG:
9	72416520	72418555	CpG:
9	73310806	73311934	CpG:
9	74096283	74096709	CpG:
9	79732513	79732729	CpG:
9	79746384	79746717	CpG:
9	85916407	85918408	CpG:
9	85960401	85961335	CpG:
9	88256736	88257032	CpG:
9	89552392	89552753	CpG:
9	95394201	95394651	CpG:
9	96032658	96033051	CpG:
9	96395026	96395600	CpG:
9	96781184	96781973	CpG:
9	97700100	97700314	CpG:
9	98072210	98072746	CpG:
9	98236172	98236379	CpG:
9	98238836	98239157	CpG:
9	101962341	101962668	CpG:
9	102223704	102224813	CpG:
9	102246346	102247917	CpG:
9	102408478	102409008	CpG:
9	102684684	102686687	CpG:
9	102762825	102763080	CpG:
9	102810476	102811014	CpG:
9	102842002	102842621	CpG:
9	102879770	102879976	CpG:
9	103455113	103455390	CpG:
9	103461066	103462108	CpG:
9	103520345	103520996	CpG:
9	103688140	103688354	CpG:
9	103752888	103753208	CpG:
9	103755295	103755619	CpG:
9	103791846	103792104	CpG:
9	103921530	103924252	CpG:
9	103971852	103974054	CpG:
9	104011917	104012164	CpG:
9	104014592	104014882	CpG:
9	104066030	104066294	CpG:
9	104079617	104081301	CpG:
9	104207429	104208929	CpG:
9	104209348	104210251	CpG:
9	104247827	104248105	CpG:
9	104502823	104503326	CpG:
9	105214844	105215070	CpG:
9	105217399	105217605	CpG:
9	105218821	105220041	CpG:
9	105416024	105416272	CpG:
9	105498419	105498777	CpG:
X	4995320	4995776	CpG:
X	5697463	5697977	CpG:
X	7179468	7180089	CpG:
X	10509392	10509759	CpG:
X	13564364	13565698	CpG:
X	13790148	13790677	CpG:
X	13809250	13810790	CpG:
X	14125418	14126195	CpG:
X	14981604	14982217	CpG:
X	19025500	19026148	CpG:
X	21119486	21119767	CpG:
X	21137675	21141643	CpG:
X	24051135	24052010	CpG:
X	24108392	24113627	CpG:
X	29881434	29882617	CpG:
X	30922498	30923526	CpG:
X	32746269	32746480	CpG:
X	34625880	34626091	CpG:
X	38586254	38586764	CpG:
X	38964953	38965636	CpG:
X	39826985	39827712	CpG:
X	39868777	39871401	CpG:
X	40057252	40057785	CpG:
X	40063008	40064218	CpG:
X	40085757	40086003	CpG:
X	40133758	40133992	CpG:
X	40340757	40341848	CpG:
X	40438335	40439145	CpG:
X	58613218	58613848	CpG:
X	59993441	59993852	CpG:
X	72204574	72205009	CpG:
X	83572101	83572548	CpG:
X	84851862	84852275	CpG:
X	91073654	91074427	CpG:
X	91538703	91538943	CpG:
X	92200824	92201567	CpG:
X	92264960	92265290	CpG:
X	92287690	92288976	CpG:
X	92291156	92291652	CpG:
X	92353190	92353521	CpG:
X	94760948	94761551	CpG:
X	96252238	96253097	CpG:
X	96900354	96901185	CpG:
X	100162088	100162558	CpG:
X	105235629	105236087	CpG:
X	130307152	130307855	CpG:
X	132323266	132324661	CpG:
X	134436687	134437063	CpG:
X	134584175	134584435	CpG:
X	134867581	134868526	CpG:
X	136681751	136682167	CpG:
X	138692254	138693678	CpG:
X	140132795	140133025	CpG:
X	140142641	140144015	CpG:
X	140282102	140284532	CpG:
X	141692673	141693708	CpG:
X	142412217	142413103	CpG:
X	144086127	144092127	CpG:
X	145619743	145620147	CpG:
X	146791450	146791715	CpG:
X	147825719	147826178	CpG:
