Chromosome	Start	End	CovA1	FreqCA1	CovB1	FreqCB1	Methyl diff	Methylation state in Condition_A
1	886821	886822	16	0	10	10	-100.0	hypometh
1	1291148	1291149	14	0	19	19	-100.0	hypometh
1	1291218	1291219	13	0	18	18	-100.0	hypometh
1	1291284	1291285	11	0	14	14	-100.0	hypometh
1	1787140	1787141	13	0	16	16	-100.0	hypometh
1	1787236	1787237	13	0	15	15	-100.0	hypometh
1	1787260	1787261	13	0	16	16	-100.0	hypometh
1	1805044	1805045	16	0	12	12	-100.0	hypometh
1	1988405	1988406	10	10	28	0	100.0	hypermeth
1	2343120	2343121	17	17	23	0	100.0	hypermeth
1	2343139	2343140	17	17	23	0	100.0	hypermeth
1	2343150	2343151	17	17	23	0	100.0	hypermeth
1	2343174	2343175	17	17	23	0	100.0	hypermeth
1	2424345	2424346	18	18	11	0	100.0	hypermeth
1	2459374	2459375	17	17	17	0	100.0	hypermeth
1	2739338	2739339	10	0	11	11	-100.0	hypometh
1	2996229	2996230	32	32	18	0	100.0	hypermeth
1	3432096	3432097	19	0	11	11	-100.0	hypometh
1	3721799	3721800	18	18	41	0	100.0	hypermeth
1	3721825	3721826	18	18	41	0	100.0	hypermeth
1	3721843	3721844	18	18	41	0	100.0	hypermeth
1	5036180	5036181	15	15	26	0	100.0	hypermeth
1	5036281	5036282	11	11	17	0	100.0	hypermeth
1	5284756	5284757	11	11	21	0	100.0	hypermeth
1	6173975	6173976	18	18	14	0	100.0	hypermeth
1	6174008	6174009	18	18	14	0	100.0	hypermeth
1	6174028	6174029	11	11	17	0	100.0	hypermeth
1	6174053	6174054	14	14	23	0	100.0	hypermeth
1	6174062	6174063	14	14	23	0	100.0	hypermeth
1	6174098	6174099	14	14	23	0	100.0	hypermeth
1	6174114	6174115	14	14	23	0	100.0	hypermeth
1	6174117	6174118	14	14	23	0	100.0	hypermeth
1	6174128	6174129	14	14	23	0	100.0	hypermeth
1	6174165	6174166	10	10	13	0	100.0	hypermeth
1	6415072	6415073	17	17	19	0	100.0	hypermeth
1	9195701	9195702	12	0	13	13	-100.0	hypometh
1	9195743	9195744	13	0	13	13	-100.0	hypometh
1	9195751	9195752	12	0	13	13	-100.0	hypometh
1	9606046	9606047	15	15	28	0	100.0	hypermeth
1	10520299	10520300	16	0	10	10	-100.0	hypometh
1	16722268	16722269	12	12	20	0	100.0	hypermeth
1	16722285	16722286	19	19	32	0	100.0	hypermeth
1	21094728	21094729	14	14	10	0	100.0	hypermeth
1	21094731	21094732	14	14	10	0	100.0	hypermeth
1	21094775	21094776	14	14	10	0	100.0	hypermeth
1	22412156	22412157	17	17	14	0	100.0	hypermeth
1	22412244	22412245	12	12	20	0	100.0	hypermeth
1	22412298	22412299	20	20	22	0	100.0	hypermeth
1	24750073	24750074	12	12	13	0	100.0	hypermeth
1	33691478	33691479	14	14	18	0	100.0	hypermeth
1	33691499	33691500	14	14	18	0	100.0	hypermeth
1	33691534	33691535	17	17	17	0	100.0	hypermeth
1	34683711	34683712	10	10	17	0	100.0	hypermeth
1	34683717	34683718	10	10	17	0	100.0	hypermeth
1	37691029	37691030	15	15	31	0	100.0	hypermeth
1	37691040	37691041	15	15	31	0	100.0	hypermeth
1	37691045	37691046	15	15	31	0	100.0	hypermeth
1	37691050	37691051	15	15	30	0	100.0	hypermeth
1	37691059	37691060	15	15	31	0	100.0	hypermeth
1	37691063	37691064	15	15	31	0	100.0	hypermeth
1	37691081	37691082	15	15	31	0	100.0	hypermeth
1	37691085	37691086	15	15	30	0	100.0	hypermeth
1	37691092	37691093	15	15	31	0	100.0	hypermeth
1	37691109	37691110	15	15	31	0	100.0	hypermeth
1	37691182	37691183	19	19	18	0	100.0	hypermeth
1	37691664	37691665	12	12	16	0	100.0	hypermeth
1	41699167	41699168	10	10	13	0	100.0	hypermeth
1	41699170	41699171	10	10	13	0	100.0	hypermeth
1	41699182	41699183	10	10	13	0	100.0	hypermeth
1	41736546	41736547	10	10	10	0	100.0	hypermeth
1	43647948	43647949	14	14	13	0	100.0	hypermeth
1	43647954	43647955	12	12	28	0	100.0	hypermeth
1	43647964	43647965	12	12	28	0	100.0	hypermeth
1	43647992	43647993	12	12	27	0	100.0	hypermeth
1	43647998	43647999	12	12	28	0	100.0	hypermeth
1	43648003	43648004	12	12	28	0	100.0	hypermeth
1	43714574	43714575	15	15	10	0	100.0	hypermeth
1	44143013	44143014	16	16	11	0	100.0	hypermeth
1	44857702	44857703	14	14	13	0	100.0	hypermeth
1	44858087	44858088	11	11	16	0	100.0	hypermeth
1	44858925	44858926	21	21	15	0	100.0	hypermeth
1	44858973	44858974	20	20	15	0	100.0	hypermeth
1	44922641	44922642	14	14	17	0	100.0	hypermeth
1	45090787	45090788	20	20	19	0	100.0	hypermeth
1	45091436	45091437	10	10	14	0	100.0	hypermeth
1	47068793	47068794	13	13	23	0	100.0	hypermeth
1	47068939	47068940	20	20	26	0	100.0	hypermeth
1	47068983	47068984	15	15	25	0	100.0	hypermeth
1	47069322	47069323	14	14	11	0	100.0	hypermeth
1	54518692	54518693	19	19	18	0	100.0	hypermeth
1	56720274	56720275	20	0	24	24	-100.0	hypometh
1	56720284	56720285	20	0	24	24	-100.0	hypometh
1	56720289	56720290	20	0	24	24	-100.0	hypometh
1	56720321	56720322	20	0	24	24	-100.0	hypometh
1	56720351	56720352	22	0	20	20	-100.0	hypometh
1	56720362	56720363	21	0	23	23	-100.0	hypometh
1	57462661	57462662	11	11	13	0	100.0	hypermeth
1	57853046	57853047	22	22	16	0	100.0	hypermeth
1	57853127	57853128	11	11	11	0	100.0	hypermeth
1	57853136	57853137	11	11	11	0	100.0	hypermeth
1	57853163	57853164	11	11	11	0	100.0	hypermeth
1	57853200	57853201	11	11	11	0	100.0	hypermeth
1	57853230	57853231	11	11	11	0	100.0	hypermeth
1	58775458	58775459	12	12	25	0	100.0	hypermeth
1	59432438	59432439	22	22	11	0	100.0	hypermeth
1	59432589	59432590	22	22	11	0	100.0	hypermeth
1	59432675	59432676	14	14	35	0	100.0	hypermeth
1	59432682	59432683	14	14	35	0	100.0	hypermeth
1	59433020	59433021	14	14	16	0	100.0	hypermeth
1	59433034	59433035	14	14	16	0	100.0	hypermeth
1	59433044	59433045	11	11	12	0	100.0	hypermeth
1	59433584	59433585	17	17	19	0	100.0	hypermeth
1	59433627	59433628	14	14	17	0	100.0	hypermeth
1	63397135	63397136	12	12	13	0	100.0	hypermeth
1	63932182	63932183	12	12	19	0	100.0	hypermeth
1	64793844	64793845	10	10	11	0	100.0	hypermeth
1	67341968	67341969	16	16	29	0	100.0	hypermeth
1	67341987	67341988	17	17	19	0	100.0	hypermeth
1	67342371	67342372	13	13	10	0	100.0	hypermeth
1	67342451	67342452	14	14	10	0	100.0	hypermeth
1	67843780	67843781	14	14	20	0	100.0	hypermeth
1	68045789	68045790	20	0	16	16	-100.0	hypometh
1	69818373	69818374	16	0	13	13	-100.0	hypometh
1	69936363	69936364	23	0	13	13	-100.0	hypometh
1	69936455	69936456	24	0	14	14	-100.0	hypometh
1	70103302	70103303	14	0	13	13	-100.0	hypometh
1	70243929	70243930	12	0	11	11	-100.0	hypometh
1	71396895	71396896	13	13	19	0	100.0	hypermeth
1	71396919	71396920	15	15	25	0	100.0	hypermeth
1	73006893	73006894	12	0	10	10	-100.0	hypometh
1	73025626	73025627	12	0	13	13	-100.0	hypometh
1	73036313	73036314	13	0	21	21	-100.0	hypometh
1	73105044	73105045	12	12	34	0	100.0	hypermeth
1	73105066	73105067	14	14	33	0	100.0	hypermeth
1	73105107	73105108	16	16	22	0	100.0	hypermeth
1	73105202	73105203	15	15	14	0	100.0	hypermeth
1	73105213	73105214	15	15	14	0	100.0	hypermeth
1	73105230	73105231	15	15	14	0	100.0	hypermeth
1	73413805	73413806	15	0	19	19	-100.0	hypometh
1	73742129	73742130	17	17	13	0	100.0	hypermeth
1	73813227	73813228	14	0	13	13	-100.0	hypometh
1	73829832	73829833	15	0	18	18	-100.0	hypometh
1	73829908	73829909	15	0	18	18	-100.0	hypometh
1	73840388	73840389	14	14	24	0	100.0	hypermeth
1	73840436	73840437	14	14	25	0	100.0	hypermeth
1	73840439	73840440	14	14	25	0	100.0	hypermeth
1	73840456	73840457	14	14	25	0	100.0	hypermeth
1	73840483	73840484	11	11	10	0	100.0	hypermeth
1	73840488	73840489	11	11	10	0	100.0	hypermeth
1	73840515	73840516	11	11	10	0	100.0	hypermeth
1	73840526	73840527	11	11	10	0	100.0	hypermeth
1	73840627	73840628	14	14	13	0	100.0	hypermeth
1	73840632	73840633	14	14	13	0	100.0	hypermeth
1	73840636	73840637	14	14	12	0	100.0	hypermeth
1	73871357	73871358	16	0	22	22	-100.0	hypometh
1	73871371	73871372	19	0	22	22	-100.0	hypometh
1	73871403	73871404	20	0	21	21	-100.0	hypometh
1	73871435	73871436	20	0	22	22	-100.0	hypometh
1	73871443	73871444	20	0	22	22	-100.0	hypometh
1	73871462	73871463	20	0	22	22	-100.0	hypometh
1	73871487	73871488	10	0	12	12	-100.0	hypometh
1	80225400	80225401	17	17	28	0	100.0	hypermeth
1	80225405	80225406	17	17	28	0	100.0	hypermeth
1	80225415	80225416	17	17	28	0	100.0	hypermeth
1	80673381	80673382	14	14	24	0	100.0	hypermeth
1	81592569	81592570	13	13	15	0	100.0	hypermeth
1	82271035	82271036	12	12	18	0	100.0	hypermeth
1	82457289	82457290	10	10	10	0	100.0	hypermeth
1	83132013	83132014	10	0	14	14	-100.0	hypometh
1	83132082	83132083	21	0	11	11	-100.0	hypometh
1	83148989	83148990	19	0	29	29	-100.0	hypometh
1	83180493	83180494	15	15	30	0	100.0	hypermeth
1	83180507	83180508	15	15	30	0	100.0	hypermeth
1	83442084	83442085	11	11	24	0	100.0	hypermeth
1	83442147	83442148	11	11	24	0	100.0	hypermeth
1	83466226	83466227	13	13	19	0	100.0	hypermeth
1	83687987	83687988	14	14	10	0	100.0	hypermeth
1	83688019	83688020	14	14	10	0	100.0	hypermeth
1	83688022	83688023	14	14	10	0	100.0	hypermeth
1	83688025	83688026	14	14	10	0	100.0	hypermeth
1	85951886	85951887	16	16	23	0	100.0	hypermeth
1	93564163	93564164	10	10	10	0	100.0	hypermeth
1	94502722	94502723	16	0	13	13	-100.0	hypometh
1	98346473	98346474	23	23	18	0	100.0	hypermeth
1	98346530	98346531	23	23	18	0	100.0	hypermeth
1	98346544	98346545	23	23	18	0	100.0	hypermeth
1	98346551	98346552	23	23	18	0	100.0	hypermeth
1	98346579	98346580	19	19	19	0	100.0	hypermeth
1	98346600	98346601	18	18	34	0	100.0	hypermeth
1	98346652	98346653	10	10	21	0	100.0	hypermeth
1	98641938	98641939	13	13	13	0	100.0	hypermeth
1	98641978	98641979	13	13	13	0	100.0	hypermeth
1	98642001	98642002	13	13	13	0	100.0	hypermeth
1	98642086	98642087	13	13	13	0	100.0	hypermeth
1	104146803	104146804	12	12	10	0	100.0	hypermeth
1	108377239	108377240	15	0	14	14	-100.0	hypometh
1	109647519	109647520	10	0	10	10	-100.0	hypometh
1	111349342	111349343	14	0	28	28	-100.0	hypometh
1	111630197	111630198	15	15	21	0	100.0	hypermeth
1	111630200	111630201	15	15	21	0	100.0	hypermeth
1	111630218	111630219	15	15	21	0	100.0	hypermeth
1	111630271	111630272	19	19	11	0	100.0	hypermeth
1	111630280	111630281	19	19	11	0	100.0	hypermeth
1	111630680	111630681	14	14	13	0	100.0	hypermeth
1	115567499	115567500	11	11	11	0	100.0	hypermeth
1	116220092	116220093	17	0	25	25	-100.0	hypometh
1	117253875	117253876	11	11	16	0	100.0	hypermeth
1	117253892	117253893	11	11	16	0	100.0	hypermeth
1	117253917	117253918	11	11	16	0	100.0	hypermeth
1	117253936	117253937	11	11	16	0	100.0	hypermeth
1	119307870	119307871	14	0	10	10	-100.0	hypometh
1	119307881	119307882	24	0	22	22	-100.0	hypometh
1	120013191	120013192	22	22	12	0	100.0	hypermeth
1	121894625	121894626	23	0	19	19	-100.0	hypometh
1	126873481	126873482	12	12	32	0	100.0	hypermeth
1	126873512	126873513	12	12	32	0	100.0	hypermeth
1	126873523	126873524	12	12	32	0	100.0	hypermeth
1	126873556	126873557	12	12	32	0	100.0	hypermeth
1	127042638	127042639	10	10	14	0	100.0	hypermeth
1	127042647	127042648	10	10	14	0	100.0	hypermeth
1	127042710	127042711	10	10	13	0	100.0	hypermeth
1	127042748	127042749	10	10	17	0	100.0	hypermeth
1	127129476	127129477	14	14	12	0	100.0	hypermeth
1	127129508	127129509	14	14	12	0	100.0	hypermeth
1	127129535	127129536	14	14	10	0	100.0	hypermeth
1	127129554	127129555	14	14	12	0	100.0	hypermeth
1	127129570	127129571	14	14	12	0	100.0	hypermeth
1	127129605	127129606	14	14	12	0	100.0	hypermeth
1	128184528	128184529	18	18	27	0	100.0	hypermeth
1	128288033	128288034	14	14	18	0	100.0	hypermeth
1	128660002	128660003	11	0	14	14	-100.0	hypometh
1	128660042	128660043	14	0	26	26	-100.0	hypometh
1	128660089	128660090	14	0	26	26	-100.0	hypometh
1	128660111	128660112	14	0	26	26	-100.0	hypometh
1	128900865	128900866	14	14	18	0	100.0	hypermeth
1	128900893	128900894	19	19	10	0	100.0	hypermeth
1	128900918	128900919	19	19	10	0	100.0	hypermeth
1	128900924	128900925	19	19	10	0	100.0	hypermeth
1	128900927	128900928	19	19	10	0	100.0	hypermeth
1	128900982	128900983	19	19	10	0	100.0	hypermeth
1	128901023	128901024	19	19	10	0	100.0	hypermeth
1	128901316	128901317	13	13	20	0	100.0	hypermeth
1	128901340	128901341	13	13	21	0	100.0	hypermeth
1	128901351	128901352	13	13	21	0	100.0	hypermeth
1	128901360	128901361	13	13	21	0	100.0	hypermeth
1	128901363	128901364	13	13	21	0	100.0	hypermeth
1	128901559	128901560	14	14	21	0	100.0	hypermeth
1	128901578	128901579	14	14	21	0	100.0	hypermeth
1	129291940	129291941	13	13	14	0	100.0	hypermeth
1	129389176	129389177	16	16	29	0	100.0	hypermeth
1	129389195	129389196	16	16	29	0	100.0	hypermeth
1	131149506	131149507	16	16	14	0	100.0	hypermeth
1	131155792	131155793	19	19	14	0	100.0	hypermeth
1	131156136	131156137	25	25	21	0	100.0	hypermeth
1	132191496	132191497	17	17	24	0	100.0	hypermeth
1	132191558	132191559	10	10	13	0	100.0	hypermeth
1	132326198	132326199	20	20	29	0	100.0	hypermeth
1	135047987	135047988	14	14	22	0	100.0	hypermeth
1	138513598	138513599	15	15	16	0	100.0	hypermeth
1	138513606	138513607	23	23	15	0	100.0	hypermeth
1	138622394	138622395	15	15	16	0	100.0	hypermeth
1	138652744	138652745	15	15	34	0	100.0	hypermeth
1	138652749	138652750	15	15	34	0	100.0	hypermeth
1	138652794	138652795	15	15	34	0	100.0	hypermeth
1	138676145	138676146	17	17	13	0	100.0	hypermeth
1	138814751	138814752	19	19	29	0	100.0	hypermeth
1	138814823	138814824	17	17	31	0	100.0	hypermeth
1	138815288	138815289	10	10	20	0	100.0	hypermeth
1	138815304	138815305	14	14	13	0	100.0	hypermeth
1	141349642	141349643	13	13	12	0	100.0	hypermeth
1	141349800	141349801	13	13	12	0	100.0	hypermeth
1	141841247	141841248	12	12	12	0	100.0	hypermeth
1	142175560	142175561	12	12	19	0	100.0	hypermeth
1	142987592	142987593	20	20	25	0	100.0	hypermeth
1	142987614	142987615	20	20	25	0	100.0	hypermeth
1	143020948	143020949	14	14	14	0	100.0	hypermeth
1	143020964	143020965	14	14	14	0	100.0	hypermeth
1	143020975	143020976	14	14	14	0	100.0	hypermeth
1	143021002	143021003	14	14	14	0	100.0	hypermeth
1	143021019	143021020	14	14	14	0	100.0	hypermeth
1	143021067	143021068	14	14	14	0	100.0	hypermeth
1	143021139	143021140	11	11	13	0	100.0	hypermeth
1	143021150	143021151	11	11	13	0	100.0	hypermeth
1	143021155	143021156	11	11	13	0	100.0	hypermeth
1	143021243	143021244	10	10	14	0	100.0	hypermeth
1	143021248	143021249	15	15	25	0	100.0	hypermeth
1	143021293	143021294	15	15	25	0	100.0	hypermeth
1	143021382	143021383	18	18	25	0	100.0	hypermeth
1	143021418	143021419	18	18	24	0	100.0	hypermeth
1	143021481	143021482	18	18	25	0	100.0	hypermeth
1	143021645	143021646	10	10	10	0	100.0	hypermeth
1	143021917	143021918	11	11	22	0	100.0	hypermeth
1	143585814	143585815	14	14	16	0	100.0	hypermeth
1	143585903	143585904	13	13	19	0	100.0	hypermeth
1	143585946	143585947	13	13	19	0	100.0	hypermeth
1	143585972	143585973	13	13	19	0	100.0	hypermeth
1	143585978	143585979	13	13	19	0	100.0	hypermeth
1	143612935	143612936	16	16	22	0	100.0	hypermeth
1	143740793	143740794	10	10	19	0	100.0	hypermeth
1	143741266	143741267	19	19	24	0	100.0	hypermeth
1	144428528	144428529	19	0	20	20	-100.0	hypometh
1	144780872	144780873	22	22	24	0	100.0	hypermeth
1	144895734	144895735	18	0	14	14	-100.0	hypometh
1	144895760	144895761	15	0	14	14	-100.0	hypometh
1	144895769	144895770	18	0	14	14	-100.0	hypometh
1	144895825	144895826	19	0	14	14	-100.0	hypometh
1	144895829	144895830	13	0	11	11	-100.0	hypometh
1	144896000	144896001	21	0	23	23	-100.0	hypometh
1	144896059	144896060	17	0	21	21	-100.0	hypometh
1	144896072	144896073	17	0	20	20	-100.0	hypometh
1	144896095	144896096	17	0	20	20	-100.0	hypometh
1	144896171	144896172	16	0	13	13	-100.0	hypometh
1	144899265	144899266	13	0	11	11	-100.0	hypometh
1	144900928	144900929	15	0	11	11	-100.0	hypometh
1	144960139	144960140	19	0	15	15	-100.0	hypometh
1	144960169	144960170	19	0	15	15	-100.0	hypometh
1	144960210	144960211	12	0	11	11	-100.0	hypometh
1	144960219	144960220	12	0	11	11	-100.0	hypometh
1	144960246	144960247	12	0	11	11	-100.0	hypometh
1	144960344	144960345	11	0	11	11	-100.0	hypometh
1	144960349	144960350	11	0	11	11	-100.0	hypometh
1	144960363	144960364	11	0	11	11	-100.0	hypometh
1	145054486	145054487	22	22	18	0	100.0	hypermeth
1	145054548	145054549	22	22	18	0	100.0	hypermeth
1	145106800	145106801	14	14	14	0	100.0	hypermeth
1	145106810	145106811	14	14	14	0	100.0	hypermeth
1	145107164	145107165	18	18	14	0	100.0	hypermeth
1	145107169	145107170	18	18	14	0	100.0	hypermeth
1	145107184	145107185	18	18	14	0	100.0	hypermeth
1	145107228	145107229	18	18	14	0	100.0	hypermeth
1	145107275	145107276	10	10	18	0	100.0	hypermeth
1	145107284	145107285	14	14	21	0	100.0	hypermeth
1	145107318	145107319	14	14	21	0	100.0	hypermeth
1	145107322	145107323	14	14	21	0	100.0	hypermeth
1	145107335	145107336	14	14	21	0	100.0	hypermeth
1	145107475	145107476	13	13	10	0	100.0	hypermeth
1	145107495	145107496	13	13	10	0	100.0	hypermeth
1	145107511	145107512	13	13	10	0	100.0	hypermeth
1	145107523	145107524	13	13	10	0	100.0	hypermeth
1	145107526	145107527	13	13	10	0	100.0	hypermeth
1	145107607	145107608	12	12	10	0	100.0	hypermeth
1	145107639	145107640	13	13	10	0	100.0	hypermeth
1	145107680	145107681	10	10	16	0	100.0	hypermeth
1	145107693	145107694	19	19	21	0	100.0	hypermeth
1	145107732	145107733	20	20	21	0	100.0	hypermeth
1	145107739	145107740	20	20	21	0	100.0	hypermeth
1	145108118	145108119	17	17	42	0	100.0	hypermeth
1	145108150	145108151	17	17	42	0	100.0	hypermeth
1	145108176	145108177	17	17	42	0	100.0	hypermeth
1	145108188	145108189	17	17	42	0	100.0	hypermeth
1	145132954	145132955	13	0	16	16	-100.0	hypometh
1	145162906	145162907	21	0	14	14	-100.0	hypometh
1	145282037	145282038	15	15	16	0	100.0	hypermeth
1	145460676	145460677	13	0	12	12	-100.0	hypometh
1	145466101	145466102	10	10	16	0	100.0	hypermeth
1	145466183	145466184	10	10	16	0	100.0	hypermeth
1	145466190	145466191	10	10	16	0	100.0	hypermeth
1	145466197	145466198	10	10	16	0	100.0	hypermeth
1	145466210	145466211	10	10	16	0	100.0	hypermeth
1	145487428	145487429	12	0	19	19	-100.0	hypometh
1	145487438	145487439	12	0	19	19	-100.0	hypometh
1	145635868	145635869	10	0	11	11	-100.0	hypometh
1	145635874	145635875	10	0	11	11	-100.0	hypometh
1	145714819	145714820	31	0	24	24	-100.0	hypometh
1	145714826	145714827	26	0	22	22	-100.0	hypometh
1	145714853	145714854	15	0	12	12	-100.0	hypometh
1	145714881	145714882	15	0	12	12	-100.0	hypometh
1	145714942	145714943	26	0	20	20	-100.0	hypometh
1	145838030	145838031	20	0	15	15	-100.0	hypometh
1	145838058	145838059	20	0	15	15	-100.0	hypometh
1	145838108	145838109	20	0	15	15	-100.0	hypometh
1	145838114	145838115	20	0	15	15	-100.0	hypometh
1	145862141	145862142	20	0	20	20	-100.0	hypometh
1	145897942	145897943	15	0	19	19	-100.0	hypometh
1	145973537	145973538	12	12	15	0	100.0	hypermeth
1	145988765	145988766	11	11	13	0	100.0	hypermeth
1	146043822	146043823	19	0	21	21	-100.0	hypometh
1	146043846	146043847	19	0	21	21	-100.0	hypometh
1	146132070	146132071	13	0	10	10	-100.0	hypometh
1	146147098	146147099	17	0	19	19	-100.0	hypometh
1	146147129	146147130	19	0	15	15	-100.0	hypometh
1	146147138	146147139	28	0	14	14	-100.0	hypometh
1	146147147	146147148	28	0	14	14	-100.0	hypometh
1	146147172	146147173	28	0	14	14	-100.0	hypometh
1	146147276	146147277	21	0	16	16	-100.0	hypometh
1	146190709	146190710	11	0	11	11	-100.0	hypometh
1	146217961	146217962	20	20	24	0	100.0	hypermeth
1	146311199	146311200	11	0	12	12	-100.0	hypometh
1	146320605	146320606	22	0	16	16	-100.0	hypometh
1	146320665	146320666	20	0	18	18	-100.0	hypometh
1	146321057	146321058	22	0	16	16	-100.0	hypometh
1	146321060	146321061	22	0	16	16	-100.0	hypometh
1	146321101	146321102	22	0	16	16	-100.0	hypometh
1	146436150	146436151	18	18	21	0	100.0	hypermeth
1	146436163	146436164	19	19	30	0	100.0	hypermeth
1	146436186	146436187	19	19	30	0	100.0	hypermeth
1	146599462	146599463	16	0	20	20	-100.0	hypometh
1	146735652	146735653	12	12	12	0	100.0	hypermeth
1	146854575	146854576	17	17	14	0	100.0	hypermeth
1	147038643	147038644	21	21	31	0	100.0	hypermeth
1	147039068	147039069	15	15	14	0	100.0	hypermeth
1	147039116	147039117	15	15	14	0	100.0	hypermeth
1	147039121	147039122	15	15	14	0	100.0	hypermeth
1	147058076	147058077	17	17	13	0	100.0	hypermeth
1	147058108	147058109	17	17	13	0	100.0	hypermeth
1	147058119	147058120	17	17	13	0	100.0	hypermeth
1	147058126	147058127	17	17	13	0	100.0	hypermeth
1	147058131	147058132	17	17	13	0	100.0	hypermeth
1	147058153	147058154	17	17	13	0	100.0	hypermeth
1	147120370	147120371	16	0	15	15	-100.0	hypometh
1	147120499	147120500	16	0	12	12	-100.0	hypometh
1	147127461	147127462	19	0	16	16	-100.0	hypometh
1	147127509	147127510	17	0	18	18	-100.0	hypometh
1	147332565	147332566	17	0	24	24	-100.0	hypometh
1	147336172	147336173	10	0	22	22	-100.0	hypometh
1	147344044	147344045	17	0	19	19	-100.0	hypometh
1	147406580	147406581	12	12	13	0	100.0	hypermeth
1	147406583	147406584	12	12	13	0	100.0	hypermeth
1	147406625	147406626	10	10	35	0	100.0	hypermeth
1	147406660	147406661	10	10	35	0	100.0	hypermeth
1	147555776	147555777	10	10	14	0	100.0	hypermeth
1	147555808	147555809	10	10	14	0	100.0	hypermeth
1	147556168	147556169	17	17	17	0	100.0	hypermeth
1	147556171	147556172	17	17	17	0	100.0	hypermeth
1	147564903	147564904	14	14	16	0	100.0	hypermeth
1	147564922	147564923	12	12	21	0	100.0	hypermeth
1	147564925	147564926	12	12	21	0	100.0	hypermeth
1	147564941	147564942	12	12	21	0	100.0	hypermeth
1	147564991	147564992	12	12	21	0	100.0	hypermeth
1	147565097	147565098	10	10	26	0	100.0	hypermeth
1	147565267	147565268	12	12	12	0	100.0	hypermeth
1	147565405	147565406	12	12	12	0	100.0	hypermeth
1	147565784	147565785	10	10	12	0	100.0	hypermeth
1	148132157	148132158	19	19	11	0	100.0	hypermeth
1	148132169	148132170	19	19	11	0	100.0	hypermeth
1	148132172	148132173	19	19	11	0	100.0	hypermeth
1	148678863	148678864	11	11	27	0	100.0	hypermeth
1	148678873	148678874	11	11	28	0	100.0	hypermeth
1	148678881	148678882	11	11	28	0	100.0	hypermeth
1	148678885	148678886	11	11	28	0	100.0	hypermeth
1	148678919	148678920	13	13	15	0	100.0	hypermeth
1	148678994	148678995	17	17	12	0	100.0	hypermeth
1	148679004	148679005	22	22	28	0	100.0	hypermeth
1	148679007	148679008	21	21	28	0	100.0	hypermeth
1	148679026	148679027	22	22	28	0	100.0	hypermeth
1	148679034	148679035	22	22	28	0	100.0	hypermeth
1	148679054	148679055	22	22	28	0	100.0	hypermeth
1	148679079	148679080	22	22	28	0	100.0	hypermeth
1	148679102	148679103	17	17	22	0	100.0	hypermeth
1	148947993	148947994	26	0	22	22	-100.0	hypometh
1	148948000	148948001	26	0	22	22	-100.0	hypometh
1	148948032	148948033	26	0	22	22	-100.0	hypometh
1	148948069	148948070	26	0	20	20	-100.0	hypometh
1	148948098	148948099	31	0	28	28	-100.0	hypometh
1	148948189	148948190	20	0	28	28	-100.0	hypometh
1	148948194	148948195	17	0	27	27	-100.0	hypometh
1	148948284	148948285	11	0	15	15	-100.0	hypometh
1	149837757	149837758	25	25	31	0	100.0	hypermeth
1	150029148	150029149	18	18	24	0	100.0	hypermeth
1	150029198	150029199	19	19	24	0	100.0	hypermeth
1	150029277	150029278	26	26	32	0	100.0	hypermeth
1	150029306	150029307	26	26	32	0	100.0	hypermeth
1	150029732	150029733	12	12	14	0	100.0	hypermeth
1	150249964	150249965	15	15	10	0	100.0	hypermeth
1	150250002	150250003	10	10	32	0	100.0	hypermeth
1	150500883	150500884	15	0	10	10	-100.0	hypometh
1	150513411	150513412	12	0	14	14	-100.0	hypometh
1	150513424	150513425	12	0	15	15	-100.0	hypometh
1	150513452	150513453	12	0	15	15	-100.0	hypometh
1	150513464	150513465	12	0	15	15	-100.0	hypometh
1	150513482	150513483	18	0	21	21	-100.0	hypometh
1	150587535	150587536	17	17	24	0	100.0	hypermeth
1	150587875	150587876	13	13	21	0	100.0	hypermeth
1	150681711	150681712	13	0	12	12	-100.0	hypometh
1	150681735	150681736	12	0	11	11	-100.0	hypometh
1	150681844	150681845	13	0	12	12	-100.0	hypometh
1	150682400	150682401	24	0	27	27	-100.0	hypometh
1	150682500	150682501	21	0	22	22	-100.0	hypometh
1	150685472	150685473	19	0	18	18	-100.0	hypometh
1	150687006	150687007	11	0	14	14	-100.0	hypometh
1	150724064	150724065	10	0	13	13	-100.0	hypometh
1	150835978	150835979	10	10	15	0	100.0	hypermeth
1	150836047	150836048	19	19	31	0	100.0	hypermeth
1	150883246	150883247	17	17	31	0	100.0	hypermeth
1	151152522	151152523	11	11	13	0	100.0	hypermeth
1	151165885	151165886	15	15	21	0	100.0	hypermeth
1	151165900	151165901	15	15	21	0	100.0	hypermeth
1	151165915	151165916	15	15	21	0	100.0	hypermeth
1	151165954	151165955	10	10	12	0	100.0	hypermeth
1	151165970	151165971	10	10	12	0	100.0	hypermeth
1	151166831	151166832	17	17	14	0	100.0	hypermeth
1	151166937	151166938	29	29	22	0	100.0	hypermeth
1	151451567	151451568	10	10	11	0	100.0	hypermeth
1	151451632	151451633	10	10	11	0	100.0	hypermeth
1	151451649	151451650	10	10	11	0	100.0	hypermeth
1	151451762	151451763	18	18	17	0	100.0	hypermeth
1	152298379	152298380	10	10	10	0	100.0	hypermeth
1	152361636	152361637	31	0	22	22	-100.0	hypometh
1	152361649	152361650	31	0	22	22	-100.0	hypometh
1	152361653	152361654	31	0	22	22	-100.0	hypometh
1	152361661	152361662	31	0	22	22	-100.0	hypometh
1	152361667	152361668	31	0	22	22	-100.0	hypometh
1	152361684	152361685	31	0	22	22	-100.0	hypometh
1	152381011	152381012	18	18	23	0	100.0	hypermeth
1	152381037	152381038	21	21	15	0	100.0	hypermeth
1	152381103	152381104	21	21	15	0	100.0	hypermeth
1	152381123	152381124	19	19	12	0	100.0	hypermeth
1	152381174	152381175	27	27	22	0	100.0	hypermeth
1	152381187	152381188	27	27	22	0	100.0	hypermeth
1	152381196	152381197	14	14	11	0	100.0	hypermeth
1	152381346	152381347	14	14	11	0	100.0	hypermeth
1	152423184	152423185	10	0	24	24	-100.0	hypometh
1	152454546	152454547	15	15	14	0	100.0	hypermeth
1	152454565	152454566	14	14	14	0	100.0	hypermeth
1	152454655	152454656	12	12	13	0	100.0	hypermeth
1	152454709	152454710	15	15	14	0	100.0	hypermeth
1	152454748	152454749	10	10	13	0	100.0	hypermeth
1	152454775	152454776	10	10	13	0	100.0	hypermeth
1	152454834	152454835	10	10	13	0	100.0	hypermeth
1	152454866	152454867	11	11	16	0	100.0	hypermeth
1	152514699	152514700	19	0	27	27	-100.0	hypometh
1	152514734	152514735	14	0	16	16	-100.0	hypometh
1	152515405	152515406	11	0	10	10	-100.0	hypometh
1	152515414	152515415	11	0	10	10	-100.0	hypometh
1	152515417	152515418	11	0	10	10	-100.0	hypometh
1	152515421	152515422	11	0	10	10	-100.0	hypometh
1	152515446	152515447	11	0	10	10	-100.0	hypometh
1	152515505	152515506	11	0	10	10	-100.0	hypometh
1	152515540	152515541	11	0	10	10	-100.0	hypometh
1	152575304	152575305	10	10	11	0	100.0	hypermeth
1	152575330	152575331	10	10	11	0	100.0	hypermeth
1	152575335	152575336	10	10	11	0	100.0	hypermeth
1	152575347	152575348	10	10	11	0	100.0	hypermeth
1	152575367	152575368	10	10	11	0	100.0	hypermeth
1	152575422	152575423	10	10	11	0	100.0	hypermeth
1	153047228	153047229	24	0	20	20	-100.0	hypometh
1	153346515	153346516	15	15	20	0	100.0	hypermeth
1	153817906	153817907	12	0	19	19	-100.0	hypometh
1	153897470	153897471	12	12	12	0	100.0	hypermeth
1	154028647	154028648	13	13	17	0	100.0	hypermeth
1	154028733	154028734	13	13	17	0	100.0	hypermeth
1	154030062	154030063	26	26	22	0	100.0	hypermeth
1	154030096	154030097	26	26	22	0	100.0	hypermeth
1	154037270	154037271	21	21	23	0	100.0	hypermeth
1	154037332	154037333	19	19	29	0	100.0	hypermeth
1	154037391	154037392	11	11	15	0	100.0	hypermeth
1	154064203	154064204	24	0	25	25	-100.0	hypometh
1	154064215	154064216	24	0	25	25	-100.0	hypometh
1	154064258	154064259	24	0	25	25	-100.0	hypometh
1	154064272	154064273	24	0	25	25	-100.0	hypometh
1	154064285	154064286	11	0	14	14	-100.0	hypometh
1	154139797	154139798	16	0	11	11	-100.0	hypometh
1	154222464	154222465	19	19	24	0	100.0	hypermeth
1	154222637	154222638	14	14	13	0	100.0	hypermeth
1	154222652	154222653	14	14	13	0	100.0	hypermeth
1	154222664	154222665	14	14	13	0	100.0	hypermeth
1	154223102	154223103	18	18	10	0	100.0	hypermeth
1	154223116	154223117	18	18	10	0	100.0	hypermeth
1	154223119	154223120	15	15	14	0	100.0	hypermeth
1	154223251	154223252	14	14	10	0	100.0	hypermeth
1	154223259	154223260	14	14	10	0	100.0	hypermeth
1	154223334	154223335	14	14	10	0	100.0	hypermeth
1	154223361	154223362	14	14	10	0	100.0	hypermeth
1	154223376	154223377	14	14	10	0	100.0	hypermeth
1	154760562	154760563	13	13	19	0	100.0	hypermeth
1	154802954	154802955	11	11	18	0	100.0	hypermeth
1	154802958	154802959	11	11	18	0	100.0	hypermeth
1	154803028	154803029	11	11	18	0	100.0	hypermeth
1	154803034	154803035	11	11	18	0	100.0	hypermeth
1	154803076	154803077	11	11	18	0	100.0	hypermeth
1	154803079	154803080	16	16	23	0	100.0	hypermeth
1	154803117	154803118	15	15	15	0	100.0	hypermeth
1	154960454	154960455	11	11	17	0	100.0	hypermeth
1	154960508	154960509	24	24	39	0	100.0	hypermeth
1	154960525	154960526	18	18	44	0	100.0	hypermeth
1	154960724	154960725	10	10	15	0	100.0	hypermeth
1	155061354	155061355	25	25	19	0	100.0	hypermeth
1	155161943	155161944	20	20	33	0	100.0	hypermeth
1	155161961	155161962	20	20	32	0	100.0	hypermeth
1	155161981	155161982	17	17	21	0	100.0	hypermeth
1	155162030	155162031	17	17	22	0	100.0	hypermeth
1	155162049	155162050	17	17	22	0	100.0	hypermeth
1	155162082	155162083	11	11	33	0	100.0	hypermeth
1	155162095	155162096	11	11	33	0	100.0	hypermeth
1	155162107	155162108	11	11	33	0	100.0	hypermeth
1	155162112	155162113	11	11	33	0	100.0	hypermeth
1	155162127	155162128	11	11	33	0	100.0	hypermeth
1	155182694	155182695	10	10	27	0	100.0	hypermeth
1	155182698	155182699	10	10	27	0	100.0	hypermeth
1	155182705	155182706	10	10	26	0	100.0	hypermeth
1	155182713	155182714	10	10	27	0	100.0	hypermeth
1	155182718	155182719	10	10	27	0	100.0	hypermeth
1	155196242	155196243	16	0	10	10	-100.0	hypometh
1	155284542	155284543	18	0	19	19	-100.0	hypometh
1	155303029	155303030	10	10	10	0	100.0	hypermeth
1	155303036	155303037	10	10	10	0	100.0	hypermeth
1	155303061	155303062	10	10	10	0	100.0	hypermeth
1	155338188	155338189	13	13	25	0	100.0	hypermeth
1	155338192	155338193	13	13	25	0	100.0	hypermeth
1	155338210	155338211	13	13	25	0	100.0	hypermeth
1	155338503	155338504	10	10	15	0	100.0	hypermeth
1	155338570	155338571	16	16	20	0	100.0	hypermeth
1	155406064	155406065	16	16	30	0	100.0	hypermeth
1	155406089	155406090	16	16	30	0	100.0	hypermeth
1	155406098	155406099	16	16	30	0	100.0	hypermeth
1	155406139	155406140	10	10	22	0	100.0	hypermeth
1	155406143	155406144	10	10	22	0	100.0	hypermeth
1	155406155	155406156	10	10	22	0	100.0	hypermeth
1	155406164	155406165	10	10	22	0	100.0	hypermeth
1	155406174	155406175	10	10	22	0	100.0	hypermeth
1	155406179	155406180	10	10	22	0	100.0	hypermeth
1	155681748	155681749	17	0	12	12	-100.0	hypometh
1	155681758	155681759	17	0	12	12	-100.0	hypometh
1	155685662	155685663	17	17	23	0	100.0	hypermeth
1	155688992	155688993	27	0	13	13	-100.0	hypometh
1	155689004	155689005	27	0	13	13	-100.0	hypometh
1	155689016	155689017	27	0	13	13	-100.0	hypometh
1	155689171	155689172	25	0	20	20	-100.0	hypometh
1	155705821	155705822	18	0	15	15	-100.0	hypometh
1	155714237	155714238	14	14	11	0	100.0	hypermeth
1	155741704	155741705	21	21	20	0	100.0	hypermeth
1	155741723	155741724	21	21	20	0	100.0	hypermeth
1	155741735	155741736	21	21	20	0	100.0	hypermeth
1	155741759	155741760	11	11	11	0	100.0	hypermeth
1	155741793	155741794	13	13	14	0	100.0	hypermeth
1	155741816	155741817	24	24	27	0	100.0	hypermeth
1	155741823	155741824	24	24	27	0	100.0	hypermeth
1	155741861	155741862	23	23	27	0	100.0	hypermeth
1	155741878	155741879	24	24	27	0	100.0	hypermeth
1	155741896	155741897	14	14	23	0	100.0	hypermeth
1	155741924	155741925	14	14	23	0	100.0	hypermeth
1	155742236	155742237	18	18	12	0	100.0	hypermeth
1	155742247	155742248	18	18	12	0	100.0	hypermeth
1	155742251	155742252	17	17	12	0	100.0	hypermeth
1	155742263	155742264	18	18	12	0	100.0	hypermeth
1	155742269	155742270	18	18	12	0	100.0	hypermeth
1	155752474	155752475	10	10	24	0	100.0	hypermeth
1	155752510	155752511	13	13	34	0	100.0	hypermeth
1	155752524	155752525	13	13	34	0	100.0	hypermeth
1	155752776	155752777	13	13	23	0	100.0	hypermeth
1	155752788	155752789	13	13	23	0	100.0	hypermeth
1	155752806	155752807	13	13	23	0	100.0	hypermeth
1	155752823	155752824	13	13	23	0	100.0	hypermeth
1	155752837	155752838	13	13	23	0	100.0	hypermeth
1	155752847	155752848	13	13	23	0	100.0	hypermeth
1	155753906	155753907	17	17	13	0	100.0	hypermeth
1	155753915	155753916	17	17	13	0	100.0	hypermeth
1	155775249	155775250	16	16	29	0	100.0	hypermeth
1	155775764	155775765	11	11	13	0	100.0	hypermeth
1	155775803	155775804	17	17	24	0	100.0	hypermeth
1	155775832	155775833	17	17	24	0	100.0	hypermeth
1	155775908	155775909	15	15	25	0	100.0	hypermeth
1	155775919	155775920	15	15	25	0	100.0	hypermeth
1	155775929	155775930	15	15	24	0	100.0	hypermeth
1	155775936	155775937	15	15	24	0	100.0	hypermeth
1	155775997	155775998	26	26	17	0	100.0	hypermeth
1	155776003	155776004	26	26	17	0	100.0	hypermeth
1	155776019	155776020	26	26	17	0	100.0	hypermeth
1	155776035	155776036	26	26	17	0	100.0	hypermeth
1	155776106	155776107	19	19	23	0	100.0	hypermeth
1	155776125	155776126	19	19	23	0	100.0	hypermeth
1	155776134	155776135	19	19	23	0	100.0	hypermeth
1	155776138	155776139	19	19	23	0	100.0	hypermeth
1	155801895	155801896	16	16	14	0	100.0	hypermeth
1	155801899	155801900	16	16	14	0	100.0	hypermeth
1	155801948	155801949	16	16	14	0	100.0	hypermeth
1	155801973	155801974	16	16	14	0	100.0	hypermeth
1	155802029	155802030	10	10	18	0	100.0	hypermeth
1	155802034	155802035	10	10	18	0	100.0	hypermeth
1	155802039	155802040	10	10	18	0	100.0	hypermeth
1	155802057	155802058	10	10	17	0	100.0	hypermeth
1	155802076	155802077	10	10	17	0	100.0	hypermeth
1	155802086	155802087	10	10	17	0	100.0	hypermeth
1	155802098	155802099	10	10	18	0	100.0	hypermeth
1	155802101	155802102	10	10	18	0	100.0	hypermeth
1	155802112	155802113	10	10	18	0	100.0	hypermeth
1	155802125	155802126	10	10	18	0	100.0	hypermeth
1	155802131	155802132	10	10	18	0	100.0	hypermeth
1	155802148	155802149	10	10	18	0	100.0	hypermeth
1	155802522	155802523	10	10	37	0	100.0	hypermeth
1	155802574	155802575	10	10	37	0	100.0	hypermeth
1	155802579	155802580	10	10	37	0	100.0	hypermeth
1	155816566	155816567	18	18	31	0	100.0	hypermeth
1	155816589	155816590	18	18	31	0	100.0	hypermeth
1	155817095	155817096	14	14	16	0	100.0	hypermeth
1	155817115	155817116	14	14	16	0	100.0	hypermeth
1	155817199	155817200	14	14	16	0	100.0	hypermeth
1	155817223	155817224	14	14	16	0	100.0	hypermeth
1	155817438	155817439	19	19	16	0	100.0	hypermeth
1	155833506	155833507	12	12	17	0	100.0	hypermeth
1	155833735	155833736	17	17	20	0	100.0	hypermeth
1	155834428	155834429	18	18	20	0	100.0	hypermeth
1	156640615	156640616	10	10	30	0	100.0	hypermeth
1	156640620	156640621	10	10	30	0	100.0	hypermeth
1	156640699	156640700	12	12	22	0	100.0	hypermeth
1	156640704	156640705	12	12	22	0	100.0	hypermeth
1	156640712	156640713	12	12	22	0	100.0	hypermeth
1	156640784	156640785	17	17	24	0	100.0	hypermeth
1	156640796	156640797	26	26	30	0	100.0	hypermeth
1	156640831	156640832	26	26	30	0	100.0	hypermeth
1	156685414	156685415	18	18	25	0	100.0	hypermeth
1	156685435	156685436	18	18	25	0	100.0	hypermeth
1	156685438	156685439	18	18	25	0	100.0	hypermeth
1	156685449	156685450	18	18	25	0	100.0	hypermeth
1	156685465	156685466	18	18	18	0	100.0	hypermeth
1	156685481	156685482	15	15	12	0	100.0	hypermeth
1	156685499	156685500	15	15	12	0	100.0	hypermeth
1	156685612	156685613	15	15	12	0	100.0	hypermeth
1	156685622	156685623	15	15	12	0	100.0	hypermeth
1	156685636	156685637	15	15	12	0	100.0	hypermeth
1	156849461	156849462	20	20	15	0	100.0	hypermeth
1	156849478	156849479	20	20	15	0	100.0	hypermeth
1	156849481	156849482	20	20	15	0	100.0	hypermeth
1	156900034	156900035	19	19	44	0	100.0	hypermeth
1	156900258	156900259	20	20	18	0	100.0	hypermeth
1	156963565	156963566	17	17	15	0	100.0	hypermeth
1	156963661	156963662	19	19	24	0	100.0	hypermeth
1	156963676	156963677	19	19	24	0	100.0	hypermeth
1	157171146	157171147	11	11	26	0	100.0	hypermeth
1	157171149	157171150	11	11	25	0	100.0	hypermeth
1	157171153	157171154	11	11	26	0	100.0	hypermeth
1	157171167	157171168	11	11	26	0	100.0	hypermeth
1	157171170	157171171	11	11	26	0	100.0	hypermeth
1	157171174	157171175	11	11	26	0	100.0	hypermeth
1	157171207	157171208	13	13	23	0	100.0	hypermeth
1	157171215	157171216	13	13	23	0	100.0	hypermeth
1	157171219	157171220	13	13	23	0	100.0	hypermeth
1	157171236	157171237	13	13	23	0	100.0	hypermeth
1	157171257	157171258	22	22	27	0	100.0	hypermeth
1	157171272	157171273	22	22	27	0	100.0	hypermeth
1	157171278	157171279	22	22	27	0	100.0	hypermeth
1	157171294	157171295	22	22	27	0	100.0	hypermeth
1	157171310	157171311	18	18	25	0	100.0	hypermeth
1	157171314	157171315	19	19	17	0	100.0	hypermeth
1	157171384	157171385	19	19	18	0	100.0	hypermeth
1	157171387	157171388	19	19	18	0	100.0	hypermeth
1	157171414	157171415	21	21	20	0	100.0	hypermeth
1	157171459	157171460	18	18	20	0	100.0	hypermeth
1	157171487	157171488	18	18	20	0	100.0	hypermeth
1	157171513	157171514	14	14	20	0	100.0	hypermeth
1	157171533	157171534	14	14	20	0	100.0	hypermeth
1	157171537	157171538	14	14	20	0	100.0	hypermeth
1	157171544	157171545	14	14	20	0	100.0	hypermeth
1	157171680	157171681	11	11	23	0	100.0	hypermeth
1	157171719	157171720	14	14	16	0	100.0	hypermeth
1	157171723	157171724	14	14	16	0	100.0	hypermeth
1	157171737	157171738	14	14	16	0	100.0	hypermeth
1	157171743	157171744	14	14	16	0	100.0	hypermeth
1	157171778	157171779	14	14	16	0	100.0	hypermeth
1	157171830	157171831	15	15	12	0	100.0	hypermeth
1	157171850	157171851	18	18	19	0	100.0	hypermeth
1	157171867	157171868	18	18	18	0	100.0	hypermeth
1	157171882	157171883	18	18	19	0	100.0	hypermeth
1	157171889	157171890	18	18	19	0	100.0	hypermeth
1	157171916	157171917	18	18	19	0	100.0	hypermeth
1	157174573	157174574	21	21	14	0	100.0	hypermeth
1	157174589	157174590	21	21	14	0	100.0	hypermeth
1	157174606	157174607	21	21	14	0	100.0	hypermeth
1	157410953	157410954	13	0	24	24	-100.0	hypometh
1	157410957	157410958	13	0	24	24	-100.0	hypometh
1	157588476	157588477	21	21	29	0	100.0	hypermeth
1	157809606	157809607	14	14	15	0	100.0	hypermeth
1	157809613	157809614	14	14	15	0	100.0	hypermeth
1	157809624	157809625	14	14	15	0	100.0	hypermeth
1	157809635	157809636	14	14	15	0	100.0	hypermeth
1	157940333	157940334	10	10	31	0	100.0	hypermeth
1	157940349	157940350	10	10	31	0	100.0	hypermeth
1	158152742	158152743	19	19	14	0	100.0	hypermeth
1	158153333	158153334	17	17	39	0	100.0	hypermeth
1	158153359	158153360	17	17	37	0	100.0	hypermeth
1	158153366	158153367	17	17	39	0	100.0	hypermeth
1	158153542	158153543	20	20	11	0	100.0	hypermeth
1	158153563	158153564	20	20	11	0	100.0	hypermeth
1	158198032	158198033	22	22	25	0	100.0	hypermeth
1	158290010	158290011	20	20	22	0	100.0	hypermeth
