Chromosome	DMR start	DMR end	DMR length	Methylation state for Condition_A	List of DMCs	Number of DMCs
1	178480	178595	115	hypermeth	178480,178484,178489,178492,178525,178528,178531,178540,178545,178549,178553,178595	12
1	681616	681685	69	hypometh	681616,681628,681641,681685	4
1	734596	734691	95	hypermeth	734596,734608,734675,734691	4
1	859529	859611	82	hypermeth	859529,859552,859561,859597,859611	5
1	933173	933235	62	hypometh	933173,933202,933210,933235	4
1	1291139	1291218	79	hypometh	1291139,1291148,1291176,1291218	4
1	1735968	1736091	123	hypometh	1735968,1735983,1735999,1736003,1736059,1736091	6
1	1744122	1744163	41	hypermeth	1744122,1744141,1744163	3
1	1770144	1770278	134	hypermeth	1770144,1770166,1770176,1770251,1770278	5
1	1787140	1787260	120	hypometh	1787140,1787236,1787260	3
1	1801803	1801867	64	hypermeth	1801803,1801823,1801851,1801867	4
1	1811616	1811702	86	hypometh	1811616,1811622,1811641,1811671,1811676,1811702	6
1	1937623	1937729	106	hypermeth	1937623,1937634,1937669,1937682,1937709,1937717,1937729	7
1	2206236	2206324	88	hypermeth	2206236,2206256,2206262,2206295,2206305,2206311,2206324	7
1	2230726	2230862	136	hypometh	2230726,2230751,2230758,2230775,2230834,2230862	6
1	2343120	2343174	54	hypermeth	2343120,2343126,2343139,2343150,2343164,2343174	6
1	2453884	2453990	106	hypermeth	2453884,2453899,2453920,2453954,2453974,2453981,2453984,2453990	8
1	2457547	2457620	73	hypermeth	2457547,2457569,2457605,2457617,2457620	5
1	2457772	2457822	50	hypermeth	2457772,2457792,2457803,2457808,2457822	5
1	2739338	2739467	129	hypometh	2739338,2739407,2739423,2739467	4
1	3356056	3356135	79	hypermeth	3356056,3356061,3356091,3356135	4
1	3579488	3579619	131	hypometh	3579488,3579583,3579589,3579619	4
1	3721792	3721843	51	hypermeth	3721792,3721799,3721825,3721833,3721843	5
1	3753394	3753466	72	hypermeth	3753394,3753424,3753444,3753452,3753458,3753466	6
1	4713095	4713156	61	hypermeth	4713095,4713109,4713156	3
1	5036157	5036281	124	hypermeth	5036157,5036162,5036180,5036214,5036219,5036246,5036250,5036256,5036277,5036281	10
1	5048713	5048747	34	hypermeth	5048713,5048719,5048727,5048747	4
1	5233914	5234031	117	hypermeth	5233914,5233925,5233936,5233961,5234001,5234005,5234031	7
1	5235177	5235402	225	hypermeth	5235177,5235206,5235223,5235230,5235234,5235265,5235272,5235285,5235296,5235307,5235332,5235402	12
1	5236436	5236472	36	hypermeth	5236436,5236461,5236472	3
1	5238655	5238772	117	hypermeth	5238655,5238666,5238677,5238702,5238746,5238772	6
1	5239704	5239809	105	hypermeth	5239704,5239726,5239769,5239778,5239809	5
1	5241161	5241201	40	hypermeth	5241161,5241170,5241201	3
1	5242448	5242531	83	hypermeth	5242448,5242500,5242531	3
1	5242775	5242892	117	hypermeth	5242775,5242786,5242797,5242822,5242892	5
1	5243898	5244028	130	hypermeth	5243898,5243929,5243967,5243982,5243990,5243994,5244002,5244009,5244019,5244028	10
1	5245169	5245225	56	hypermeth	5245169,5245178,5245198,5245214,5245218,5245225	6
1	5246327	5246442	115	hypermeth	5246327,5246337,5246411,5246442	4
1	5247785	5248000	215	hypermeth	5247785,5247881,5247893,5247922,5247938,5247945,5247949,5247980,5247987,5248000	10
1	5250158	5250264	106	hypermeth	5250158,5250169,5250194,5250234,5250238,5250264	6
1	5253420	5253569	149	hypermeth	5253420,5253449,5253461,5253490,5253507,5253514,5253518,5253549,5253556,5253569	10
1	5254135	5254338	203	hypermeth	5254135,5254178,5254187,5254218,5254316,5254338	6
1	5254464	5254551	87	hypermeth	5254464,5254475,5254486,5254511,5254551	5
1	5255368	5255595	227	hypermeth	5255368,5255388,5255412,5255429,5255455,5255472,5255480,5255512,5255555,5255564,5255595	11
1	5256178	5256230	52	hypermeth	5256178,5256218,5256221,5256230	4
1	5257947	5258129	182	hypermeth	5257947,5257964,5257990,5258007,5258089,5258098,5258129	7
1	5258256	5258376	120	hypermeth	5258256,5258268,5258297,5258314,5258321,5258325,5258356,5258363,5258376	9
1	5260436	5260673	237	hypermeth	5260436,5260448,5260477,5260494,5260501,5260505,5260536,5260543,5260556,5260567,5260578,5260603,5260643,5260647,5260673	15
1	5261515	5261698	183	hypermeth	5261515,5261532,5261558,5261575,5261583,5261615,5261658,5261667,5261698	9
1	5262272	5262377	105	hypermeth	5262272,5262294,5262337,5262346,5262377	5
1	5264272	5264355	83	hypermeth	5264272,5264324,5264355	3
1	5265461	5265544	83	hypermeth	5265461,5265475,5265513,5265544	4
1	5266965	5267063	98	hypermeth	5266965,5266973,5266988,5266996,5267015,5267025,5267033,5267056,5267063	9
1	5267194	5267230	36	hypermeth	5267194,5267205,5267230	3
1	5268258	5268588	330	hypermeth	5268258,5268301,5268310,5268341,5268349,5268379,5268394,5268402,5268421,5268431,5268461,5268468,5268480,5268509,5268526,5268537,5268568,5268575,5268588	19
1	5269083	5269320	237	hypermeth	5269083,5269162,5269214,5269225,5269250,5269290,5269320	7
1	5272032	5272072	40	hypermeth	5272032,5272041,5272072	3
1	5272199	5272306	107	hypermeth	5272199,5272211,5272240,5272257,5272264,5272268,5272299,5272306	8
1	5272600	5272768	168	hypermeth	5272600,5272612,5272659,5272666,5272670,5272708,5272721,5272732,5272743,5272768	10
1	5274114	5274161	47	hypermeth	5274114,5274125,5274136,5274161	4
1	5275429	5275490	61	hypermeth	5275429,5275442,5275449,5275470,5275473,5275480,5275490	7
1	5275656	5275697	41	hypermeth	5275656,5275659,5275661,5275666,5275677,5275697	6
1	5277725	5277830	105	hypermeth	5277725,5277747,5277790,5277799,5277830	5
1	5277957	5278078	121	hypermeth	5277957,5277969,5277998,5278015,5278022,5278026,5278058,5278065,5278078	9
1	5279000	5279103	103	hypermeth	5279000,5279006,5279023,5279035,5279103	5
1	5279430	5279470	40	hypermeth	5279430,5279439,5279470	3
1	5279728	5279834	106	hypermeth	5279728,5279739,5279764,5279804,5279808,5279834	6
1	5282344	5282674	330	hypermeth	5282344,5282387,5282396,5282427,5282480,5282488,5282494,5282507,5282517,5282525,5282554,5282566,5282595,5282612,5282619,5282623,5282654,5282661,5282674	19
1	5283814	5283897	83	hypermeth	5283814,5283857,5283866,5283897	4
1	5285986	5286072	86	hypermeth	5285986,5286029,5286038,5286069,5286072	5
1	5287568	5287651	83	hypermeth	5287568,5287611,5287620,5287651	4
1	5289623	5289691	68	hypermeth	5289623,5289631,5289646,5289654,5289673,5289683,5289691	7
1	5289851	5289957	106	hypermeth	5289851,5289862,5289887,5289927,5289931,5289957	6
1	5290931	5290971	40	hypermeth	5290931,5290940,5290971	3
1	5291098	5291264	166	hypermeth	5291098,5291110,5291139,5291156,5291160,5291163,5291167,5291197,5291204,5291228,5291239,5291264	12
1	5292011	5292082	71	hypermeth	5292011,5292022,5292029,5292082	4
1	5292187	5292247	60	hypermeth	5292187,5292204,5292230,5292247	4
1	5304849	5304954	105	hypermeth	5304849,5304861,5304880,5304885,5304911,5304923,5304925,5304935,5304942,5304954	10
1	5305677	5305747	70	hypermeth	5305677,5305686,5305730,5305747	4
1	6174028	6174160	132	hypermeth	6174028,6174045,6174050,6174053,6174062,6174070,6174073,6174080,6174091,6174098,6174102,6174107,6174114,6174117,6174122,6174128,6174137,6174160	18
1	6415041	6415162	121	hypermeth	6415041,6415046,6415072,6415082,6415093,6415134,6415147,6415154,6415162	9
1	6537538	6537657	119	hypermeth	6537538,6537553,6537562,6537565,6537630,6537638,6537645,6537653,6537657	9
1	7570510	7570551	41	hypermeth	7570510,7570523,7570551	3
1	7580077	7580137	60	hypermeth	7580077,7580082,7580137	3
1	8812602	8812652	50	hypermeth	8812602,8812628,8812631,8812642,8812652	5
1	9195701	9195751	50	hypometh	9195701,9195743,9195751	3
1	11269967	11270068	101	hypermeth	11269967,11269994,11270009,11270031,11270036,11270068	6
1	11270299	11270368	69	hypermeth	11270299,11270316,11270331,11270368	4
1	11270480	11270553	73	hypermeth	11270480,11270514,11270527,11270530,11270534,11270553	6
1	11272526	11272574	48	hypermeth	11272526,11272543,11272574	3
1	11272865	11272919	54	hypermeth	11272865,11272869,11272872,11272885,11272919	5
1	11273031	11273100	69	hypermeth	11273031,11273068,11273083,11273100	4
1	11273679	11273784	105	hypermeth	11273679,11273685,11273716,11273738,11273742,11273758,11273768,11273784	8
1	11273905	11274179	274	hypermeth	11273905,11273937,11273942,11273964,11273979,11274006,11274031,11274125,11274129,11274132,11274145,11274179	12
1	11274291	11274716	425	hypermeth	11274291,11274328,11274343,11274364,11274370,11274401,11274423,11274427,11274443,11274453,11274469,11274520,11274523,11274545,11274552,11274590,11274622,11274627,11274649,11274664,11274691,11274716	22
1	13546920	13547086	166	hypermeth	13546920,13546932,13546940,13546961,13546978,13546985,13546989,13547019,13547026,13547039,13547050,13547086	12
1	13548041	13548381	340	hypermeth	13548041,13548066,13548077,13548088,13548143,13548150,13548154,13548170,13548199,13548248,13548263,13548277,13548285,13548297,13548300,13548308,13548326,13548338,13548369,13548381	20
1	13549442	13549561	119	hypermeth	13549442,13549455,13549462,13549492,13549496,13549503,13549520,13549541,13549549,13549561	10
1	13549680	13549793	113	hypermeth	13549680,13549688,13549719,13549771,13549793	5
1	13552146	13552206	60	hypermeth	13552146,13552150,13552157,13552161,13552177,13552206	6
1	13552337	13552438	101	hypermeth	13552337,13552345,13552376,13552388,13552428,13552438	6
1	13552715	13552812	97	hypermeth	13552715,13552783,13552795,13552812	4
1	15366337	15366383	46	hypermeth	15366337,15366348,15366383	3
1	16242706	16242917	211	hypermeth	16242706,16242788,16242851,16242863,16242889,16242917	6
1	16722271	16722399	128	hypermeth	16722271,16722285,16722306,16722344,16722399	5
1	21094728	21094775	47	hypermeth	21094728,21094731,21094742,21094775	4
1	21930060	21930111	51	hypermeth	21930060,21930066,21930076,21930102,21930111	5
1	21932024	21932143	119	hypermeth	21932024,21932036,21932044,21932065,21932082,21932089,21932093,21932123,21932130,21932143	10
1	22412156	22412324	168	hypermeth	22412156,22412208,22412221,22412244,22412271,22412298,22412324	7
1	24749998	24750064	66	hypermeth	24749998,24750017,24750023,24750039,24750046,24750064	6
1	26473994	26474225	231	hypermeth	26473994,26474007,26474037,26474055,26474111,26474150,26474156,26474163,26474218,26474225	10
1	29209748	29209914	166	hypermeth	29209748,29209760,29209789,29209806,29209813,29209817,29209847,29209854,29209867,29209878,29209889,29209914	12
1	29210967	29211010	43	hypermeth	29210967,29210979,29211010	3
1	29318533	29318571	38	hypermeth	29318533,29318539,29318542,29318553,29318571	5
1	29319289	29319390	101	hypermeth	29319289,29319300,29319382,29319390	4
1	31243204	31243254	50	hypermeth	31243204,31243207,31243243,31243254	4
1	32837069	32837174	105	hypermeth	32837069,32837080,32837094,32837134,32837146,32837174	6
1	32837312	32837366	54	hypermeth	32837312,32837326,32837329,32837339,32837346,32837350,32837354,32837360,32837366	9
1	33691386	33691534	148	hypermeth	33691386,33691427,33691478,33691499,33691508,33691518,33691521,33691531,33691534	9
1	34004260	34004319	59	hypermeth	34004260,34004267,34004290,34004319	4
1	34830636	34830743	107	hypermeth	34830636,34830648,34830677,34830694,34830701,34830705,34830736,34830743	8
1	34832083	34832391	308	hypermeth	34832083,34832087,34832116,34832123,34832135,34832146,34832157,34832182,34832222,34832226,34832252,34832312,34832350,34832391	14
1	34922368	34922485	117	hypermeth	34922368,34922394,34922398,34922438,34922463,34922474,34922485	7
1	37691029	37691283	254	hypermeth	37691029,37691037,37691040,37691045,37691050,37691059,37691063,37691072,37691081,37691085,37691092,37691109,37691182,37691242,37691246,37691283	16
1	41699102	41699188	86	hypermeth	41699102,41699167,41699170,41699182,41699188	5
1	43647948	43648003	55	hypermeth	43647948,43647954,43647964,43647967,43647970,43647992,43647998,43648003	8
1	43648206	43648271	65	hypermeth	43648206,43648221,43648248,43648271	4
1	43714518	43714574	56	hypermeth	43714518,43714527,43714536,43714547,43714550,43714559,43714563,43714574	8
1	44536137	44536240	103	hypermeth	44536137,44536150,44536157,44536164,44536173,44536199,44536206,44536216,44536220,44536223,44536226,44536237,44536240	13
1	44661654	44661992	338	hypermeth	44661654,44661698,44661761,44661767,44661773,44661782,44661787,44661794,44661799,44661805,44661819,44661825,44661924,44661950,44661979,44661992	16
1	44799310	44799334	24	hypermeth	44799310,44799330,44799334	3
1	44841900	44841916	16	hypometh	44841900,44841913,44841916	3
1	44857702	44857793	91	hypermeth	44857702,44857728,44857775,44857793	4
1	44858068	44858136	68	hypermeth	44858068,44858087,44858131,44858136	4
1	44858920	44859089	169	hypermeth	44858920,44858925,44858973,44858980,44859049,44859067,44859089	7
1	44919711	44919776	65	hypermeth	44919711,44919733,44919743,44919759,44919768,44919776	6
1	44922550	44922641	91	hypermeth	44922550,44922560,44922568,44922572,44922576,44922589,44922599,44922613,44922626,44922641	10
1	44931466	44931539	73	hypermeth	44931466,44931487,44931492,44931498,44931517,44931539	6
1	45091009	45091067	58	hypermeth	45091009,45091022,45091067	3
1	45091204	45091298	94	hypermeth	45091204,45091207,45091218,45091221,45091230,45091251,45091256,45091262,45091277,45091282,45091292,45091298	12
1	45091427	45091457	30	hypermeth	45091427,45091433,45091436,45091457	4
1	45103837	45103895	58	hypermeth	45103837,45103841,45103847,45103860,45103867,45103874,45103887,45103895	8
1	45142510	45142766	256	hypermeth	45142510,45142521,45142532,45142557,45142597,45142627,45142633,45142687,45142766	9
1	45143189	45143224	35	hypermeth	45143189,45143195,45143212,45143224	4
1	45143910	45144166	256	hypermeth	45143910,45143921,45143932,45143957,45144033,45144087,45144166	7
1	45145411	45145544	133	hypermeth	45145411,45145465,45145544	3
1	45726716	45726823	107	hypermeth	45726716,45726729,45726736,45726766,45726770,45726777,45726794,45726823	8
1	45728056	45728239	183	hypermeth	45728056,45728072,45728097,45728108,45728119,45728132,45728139,45728169,45728173,45728180,45728197,45728226,45728239	13
1	45731283	45731330	47	hypermeth	45731283,45731308,45731319,45731330	4
1	45731449	45731538	89	hypermeth	45731449,45731456,45731478,45731486,45731496,45731515,45731523,45731538	8
1	45732683	45732719	36	hypermeth	45732683,45732708,45732719	3
1	45733091	45733159	68	hypermeth	45733091,45733099,45733116,45733142,45733159	5
1	45733264	45733335	71	hypermeth	45733264,45733317,45733324,45733335	4
1	45734130	45734256	126	hypermeth	45734130,45734143,45734150,45734180,45734184,45734191,45734208,45734237,45734249,45734256	10
1	45735311	45735844	533	hypermeth	45735311,45735324,45735331,45735361,45735389,45735418,45735430,45735526,45735544,45735587,45735671,45735679,45735696,45735722,45735739,45735758,45735768,45735798,45735815,45735822,45735825,45735834,45735841,45735844	24
1	45735996	45736025	29	hypermeth	45735996,45736008,45736025	3
1	47065461	47065529	68	hypermeth	47065461,47065473,47065488,47065493,47065498,47065516,47065523,47065529	8
1	47066198	47066257	59	hypermeth	47066198,47066202,47066213,47066220,47066257	5
1	47068788	47069001	213	hypermeth	47068788,47068793,47068880,47068884,47068927,47068939,47068952,47068956,47068962,47068980,47068983,47069001	12
1	47069322	47069378	56	hypermeth	47069322,47069372,47069378	3
1	49100326	49100411	85	hypermeth	49100326,49100333,49100344,49100402,49100407,49100411	6
1	49364743	49364861	118	hypermeth	49364743,49364771,49364822,49364845,49364849,49364861	6
1	50270455	50270473	18	hypometh	50270455,50270469,50270473	3
1	54305164	54305291	127	hypermeth	54305164,54305171,54305182,54305227,54305233,54305245,54305251,54305271,54305291	9
1	54518596	54518707	111	hypermeth	54518596,54518675,54518692,54518707	4
1	56720274	56720362	88	hypometh	56720274,56720284,56720289,56720321,56720351,56720362	6
1	57219259	57219386	127	hypermeth	57219259,57219269,57219281,57219291,57219305,57219343,57219374,57219382,57219386	9
1	57219632	57219668	36	hypermeth	57219632,57219643,57219668	3
1	57220676	57220745	69	hypermeth	57220676,57220714,57220745	3
1	57221358	57221375	17	hypermeth	57221358,57221368,57221375	3
1	57442223	57442389	166	hypermeth	57442223,57442264,57442342,57442353,57442364,57442389	6
1	57443392	57443505	113	hypermeth	57443392,57443413,57443465,57443496,57443505	5
1	57443620	57443786	166	hypermeth	57443620,57443632,57443678,57443685,57443689,57443719,57443726,57443739,57443750,57443761,57443786	11
1	57445217	57445252	35	hypermeth	57445217,57445223,57445240,57445252	4
1	57447095	57447155	60	hypermeth	57447095,57447103,57447118,57447126,57447145,57447155	6
1	57447322	57447358	36	hypermeth	57447322,57447333,57447358	3
1	57447908	57447991	83	hypermeth	57447908,57447960,57447991	3
1	57448110	57448284	174	hypermeth	57448110,57448117,57448129,57448133,57448158,57448175,57448182,57448186,57448224,57448237,57448248,57448259,57448284	13
1	57449812	57449859	47	hypermeth	57449812,57449823,57449834,57449859	4
1	57455475	57455641	166	hypermeth	57455475,57455487,57455516,57455533,57455540,57455544,57455574,57455581,57455594,57455605,57455616,57455641	12
1	57457561	57457726	165	hypermeth	57457561,57457572,57457601,57457618,57457625,57457629,57457659,57457666,57457679,57457690,57457701,57457726	12
1	57459045	57459116	71	hypermeth	57459045,57459056,57459063,57459116	4
1	57459221	57459281	60	hypermeth	57459221,57459238,57459264,57459281	4
1	57459662	57459698	36	hypermeth	57459662,57459673,57459698	3
1	57460748	57460819	71	hypermeth	57460748,57460759,57460766,57460819	4
1	57460924	57460984	60	hypermeth	57460924,57460941,57460967,57460984	4
1	57462661	57462696	35	hypermeth	57462661,57462667,57462684,57462696	4
1	57463386	57463433	47	hypermeth	57463386,57463397,57463408,57463433	4
1	57466813	57466918	105	hypermeth	57466813,57466825,57466844,57466849,57466875,57466887,57466899,57466906,57466918	9
1	57468436	57468590	154	hypermeth	57468436,57468465,57468482,57468489,57468493,57468530,57468543,57468554,57468565,57468590	10
1	57470063	57470123	60	hypermeth	57470063,57470086,57470094,57470123	4
1	57470290	57470326	36	hypermeth	57470290,57470301,57470326	3
1	57474705	57474824	119	hypermeth	57474705,57474717,57474746,57474763,57474770,57474774,57474811,57474824	8
1	57476101	57476337	236	hypermeth	57476101,57476113,57476142,57476159,57476166,57476170,57476207,57476220,57476231,57476242,57476267,57476337	12
1	57476506	57476611	105	hypermeth	57476506,57476518,57476537,57476542,57476568,57476580,57476592,57476611	8
1	57477700	57477789	89	hypermeth	57477700,57477715,57477723,57477742,57477752,57477789	6
1	57477919	57477955	36	hypermeth	57477919,57477930,57477955	3
1	57478787	57478978	191	hypermeth	57478787,57478795,57478826,57478900,57478918,57478935,57478961,57478978	8
1	57479083	57479143	60	hypermeth	57479083,57479136,57479143	3
1	57479902	57480056	154	hypermeth	57479902,57479927,57479938,57479949,57479962,57479969,57479999,57480003,57480010,57480027,57480056	11
1	57481805	57481914	109	hypermeth	57481805,57481835,57481914	3
1	57483439	57483606	167	hypermeth	57483439,57483464,57483475,57483486,57483499,57483506,57483536,57483540,57483547,57483593,57483606	11
1	57484454	57484560	106	hypermeth	57484454,57484466,57484495,57484512,57484523,57484553,57484560	7
1	57553378	57553505	127	hypermeth	57553378,57553388,57553400,57553410,57553505	5
1	57853046	57853247	201	hypermeth	57853046,57853058,57853127,57853136,57853163,57853200,57853230,57853247	8
1	58448701	58448866	165	hypermeth	58448701,58448729,58448739,58448745,58448748,58448757,58448764,58448776,58448782,58448798,58448805,58448816,58448819,58448866	14
1	58775375	58775458	83	hypermeth	58775375,58775427,58775446,58775458	4
1	59326799	59326860	61	hypometh	59326799,59326824,59326835,59326846,59326860	5
1	59387408	59387530	122	hypermeth	59387408,59387417,59387432,59387441,59387444,59387455,59387459,59387471,59387513,59387518,59387526,59387530	12
1	59420369	59420479	110	hypermeth	59420369,59420383,59420392,59420407,59420412,59420473,59420479	7
1	59432597	59432682	85	hypermeth	59432597,59432675,59432682	3
1	59432994	59433039	45	hypermeth	59432994,59433020,59433034,59433039	4
1	59433584	59433627	43	hypermeth	59433584,59433595,59433600,59433627	4
1	63932102	63932182	80	hypermeth	63932102,63932114,63932138,63932141,63932153,63932182	6
1	63932337	63932387	50	hypermeth	63932337,63932352,63932356,63932377,63932387	5
1	65323121	65323150	29	hypermeth	65323121,65323138,65323150	3
1	65325106	65325271	165	hypermeth	65325106,65325118,65325147,65325163,65325170,65325174,65325204,65325211,65325224,65325235,65325246,65325271	12
1	66023224	66023252	28	hypermeth	66023224,66023235,66023249,66023252	4
1	67028236	67028253	17	hypermeth	67028236,67028245,67028253	3
1	67087642	67087912	270	hypermeth	67087642,67087651,67087679,67087685,67087688,67087742,67087756,67087759,67087765,67087813,67087840,67087890,67087912	13
1	67116611	67116777	166	hypermeth	67116611,67116638,67116643,67116649,67116652,67116662,67116678,67116693,67116696,67116701,67116739,67116742,67116762,67116777	14
1	67341968	67342069	101	hypermeth	67341968,67341987,67342001,67342024,67342069	5
1	67343119	67343170	51	hypermeth	67343119,67343139,67343156,67343170	4
1	67843788	67843842	54	hypermeth	67843788,67843797,67843811,67843842	4
1	67852522	67852710	188	hypermeth	67852522,67852534,67852544,67852573,67852587,67852591,67852606,67852639,67852656,67852663,67852677,67852682,67852710	13
1	67947204	67947312	108	hypometh	67947204,67947225,67947284,67947312	4
1	68278368	68278509	141	hypermeth	68278368,68278371,68278377,68278389,68278416,68278467,68278486,68278497,68278509	9
1	68391550	68391602	52	hypometh	68391550,68391588,68391602	3
1	68965411	68965459	48	hypermeth	68965411,68965442,68965452,68965459	4
1	69289915	69290028	113	hypometh	69289915,69289942,69289955,69290028	4
1	69797474	69797493	19	hypometh	69797474,69797478,69797493	3
1	69936363	69936461	98	hypometh	69936363,69936395,69936397,69936461	4
1	70276222	70276314	92	hypermeth	70276222,70276229,70276238,70276263,70276278,70276283,70276301,70276305,70276314	9
1	71095944	71096002	58	hypermeth	71095944,71095970,71095976,71095982,71095987,71096002	6
1	71245886	71245972	86	hypometh	71245886,71245938,71245972	3
1	71312625	71312806	181	hypermeth	71312625,71312647,71312711,71312737,71312747,71312779,71312784,71312789,71312806	9
1	71396895	71396942	47	hypermeth	71396895,71396900,71396919,71396927,71396942	5
1	72107670	72107721	51	hypometh	72107670,72107712,72107721	3
1	72109061	72109190	129	hypermeth	72109061,72109135,72109155,72109190	4
1	72109303	72109399	96	hypermeth	72109303,72109335,72109345,72109376,72109399	5
1	72560923	72560969	46	hypermeth	72560923,72560940,72560969	3
1	72936155	72936245	90	hypermeth	72936155,72936215,72936229,72936239,72936245	5
1	73025543	73025617	74	hypometh	73025543,73025575,73025617	3
1	73036208	73036313	105	hypometh	73036208,73036241,73036277,73036313	4
1	73067804	73067820	16	hypometh	73067804,73067816,73067820	3
1	73104990	73105198	208	hypermeth	73104990,73105017,73105044,73105066,73105104,73105107,73105113,73105116,73105126,73105131,73105140,73105155,73105172,73105193,73105198	15
1	73491782	73491854	72	hypometh	73491782,73491811,73491814,73491823,73491854	5
1	73655040	73655151	111	hypermeth	73655040,73655052,73655060,73655088,73655117,73655133,73655137,73655151	8
1	73741772	73741858	86	hypermeth	73741772,73741794,73741803,73741811,73741814,73741819,73741828,73741835,73741848,73741858	10
1	73742026	73742129	103	hypermeth	73742026,73742043,73742069,73742100,73742129	5
1	73813199	73813293	94	hypometh	73813199,73813204,73813227,73813233,73813240,73813244,73813293	7
1	73829832	73829932	100	hypometh	73829832,73829849,73829853,73829908,73829932	5
1	73840069	73840238	169	hypermeth	73840069,73840094,73840171,73840219,73840238	5
1	73840352	73840456	104	hypermeth	73840352,73840388,73840426,73840436,73840439,73840456	6
1	73840627	73840636	9	hypermeth	73840627,73840632,73840636	3
1	73866513	73866562	49	hypometh	73866513,73866517,73866562	3
1	73871357	73871462	105	hypometh	73871357,73871371,73871386,73871403,73871435,73871443,73871462	7
1	73920091	73920209	118	hypermeth	73920091,73920178,73920193,73920197,73920209	5
1	74022000	74022090	90	hypometh	74022000,74022031,74022077,74022090	4
1	74041595	74041672	77	hypermeth	74041595,74041615,74041633,74041646,74041672	5
1	74072271	74072339	68	hypometh	74072271,74072300,74072339	3
1	74237895	74238019	124	hypermeth	74237895,74237945,74237948,74237958,74237984,74237992,74238010,74238019	8
1	78067108	78067160	52	hypometh	78067108,78067153,78067160	3
1	79783895	79784017	122	hypermeth	79783895,79783965,79783980,79783996,79784017	5
1	80225393	80225463	70	hypermeth	80225393,80225400,80225405,80225410,80225415,80225424,80225463	7
1	80647298	80647568	270	hypermeth	80647298,80647314,80647322,80647349,80647360,80647363,80647367,80647373,80647429,80647433,80647445,80647454,80647460,80647465,80647481,80647517,80647520,80647538,80647543,80647562,80647568	21
1	80661728	80661766	38	hypermeth	80661728,80661737,80661750,80661766	4
1	80673307	80673389	82	hypermeth	80673307,80673330,80673369,80673378,80673381,80673389	6
1	80721421	80721493	72	hypermeth	80721421,80721456,80721493	3
1	80935532	80935725	193	hypermeth	80935532,80935539,80935547,80935561,80935639,80935646,80935675,80935698,80935704,80935709,80935725	11
1	81029864	81029929	65	hypermeth	81029864,81029905,81029910,81029925,81029929	5
1	81117174	81117257	83	hypermeth	81117174,81117215,81117233,81117257	4
1	81202638	81202747	109	hypometh	81202638,81202670,81202678,81202698,81202747	5
1	81592569	81592676	107	hypermeth	81592569,81592600,81592606,81592629,81592655,81592676	6
1	82213259	82213359	100	hypometh	82213259,82213268,82213359	3
1	82270974	82271035	61	hypermeth	82270974,82270992,82270997,82271014,82271035	5
1	82457059	82457289	230	hypermeth	82457059,82457077,82457166,82457185,82457193,82457208,82457218,82457289	8
1	82573361	82573457	96	hypermeth	82573361,82573433,82573444,82573457	4
1	82739390	82739441	51	hypometh	82739390,82739417,82739441	3
1	83132017	83132142	125	hypometh	83132017,83132061,83132082,83132122,83132142	5
1	83148829	83149066	237	hypometh	83148829,83148858,83148951,83148965,83148971,83148989,83149004,83149066	8
1	83179403	83179448	45	hypermeth	83179403,83179427,83179448	3
1	83180452	83180529	77	hypermeth	83180452,83180475,83180493,83180507,83180529	5
1	83181549	83181574	25	hypermeth	83181549,83181557,83181569,83181574	4
1	83463127	83463178	51	hypermeth	83463127,83463133,83463160,83463164,83463175,83463178	6
1	83687945	83688025	80	hypermeth	83687945,83687952,83687966,83687973,83687987,83688002,83688005,83688019,83688022,83688025	10
1	84804676	84804712	36	hypermeth	84804676,84804687,84804712	3
1	85750320	85750422	102	hypermeth	85750320,85750344,85750355,85750360,85750376,85750397,85750422	7
1	85915420	85915449	29	hypometh	85915420,85915431,85915449	3
1	85922755	85922781	26	hypermeth	85922755,85922772,85922781	3
1	85951773	85951902	129	hypermeth	85951773,85951778,85951783,85951789,85951835,85951839,85951886,85951889,85951902	9
1	87048149	87048377	228	hypermeth	87048149,87048152,87048156,87048161,87048175,87048182,87048186,87048237,87048254,87048261,87048285,87048289,87048304,87048324,87048327,87048338,87048342,87048377	18
1	90311236	90311289	53	hypometh	90311236,90311268,90311289	3
1	94502722	94502800	78	hypometh	94502722,94502787,94502800	3
1	94522288	94522386	98	hypermeth	94522288,94522327,94522386	3
1	95796281	95796311	30	hypermeth	95796281,95796286,95796302,95796311	4
1	95796496	95796513	17	hypermeth	95796496,95796500,95796506,95796513	4
1	96244397	96244507	110	hypermeth	96244397,96244466,96244490,96244507	4
1	97307855	97307901	46	hypermeth	97307855,97307864,97307878,97307901	4
1	98346473	98346652	179	hypermeth	98346473,98346482,98346512,98346522,98346530,98346535,98346544,98346551,98346562,98346569,98346579,98346588,98346600,98346608,98346652	15
1	103003637	103003685	48	hypermeth	103003637,103003648,103003677,103003685	4
1	103877696	103877822	126	hypermeth	103877696,103877712,103877732,103877747,103877822	5
1	104043079	104043146	67	hypermeth	104043079,104043143,104043146	3
1	104146646	104146803	157	hypermeth	104146646,104146659,104146677,104146698,104146739,104146743,104146758,104146767,104146784,104146791,104146800,104146803	12
1	108377225	108377253	28	hypometh	108377225,108377239,108377253	3
1	110672354	110672436	82	hypermeth	110672354,110672383,110672390,110672436	4
1	110982801	110983022	221	hypermeth	110982801,110982886,110982902,110982942,110982987,110982992,110983011,110983022	8
1	111349332	111349605	273	hypometh	111349332,111349337,111349342,111349433,111349464,111349518,111349605	7
1	111362546	111362675	129	hypermeth	111362546,111362554,111362565,111362572,111362588,111362600,111362626,111362640,111362675	9
1	111630197	111630316	119	hypermeth	111630197,111630200,111630218,111630225,111630232,111630246,111630257,111630316	8
1	111630797	111630993	196	hypermeth	111630797,111630811,111630838,111630857,111630867,111630879,111630887,111630894,111630910,111630948,111630954,111630993	12
1	112031525	112031844	319	hypermeth	112031525,112031577,112031610,112031617,112031681,112031708,112031718,112031741,112031774,112031780,112031788,112031816,112031823,112031838,112031844	15
1	112476477	112476533	56	hypermeth	112476477,112476481,112476526,112476533	4
1	114430486	114430533	47	hypermeth	114430486,114430499,114430506,114430521,114430533	5
1	114718597	114718684	87	hypermeth	114718597,114718626,114718668,114718684	4
1	115567432	115567469	37	hypermeth	115567432,115567435,115567447,115567456,115567469	5
1	116105842	116106022	180	hypermeth	116105842,116105894,116105901,116105993,116106005,116106022	6
1	116106660	116106696	36	hypermeth	116106660,116106685,116106696	3
1	116106941	116107035	94	hypermeth	116106941,116106945,116106953,116106983,116107035	5
1	116107984	116108208	224	hypermeth	116107984,116108010,116108054,116108079,116108090,116108101,116108114,116108121,116108151,116108162,116108179,116108208	12
1	116586179	116586215	36	hypermeth	116586179,116586204,116586215	3
1	117253875	117253936	61	hypermeth	117253875,117253892,117253917,117253928,117253936	5
1	118805181	118805254	73	hypermeth	118805181,118805231,118805254	3
1	119153436	119153536	100	hypermeth	119153436,119153471,119153507,119153513,119153536	5
1	119307870	119307938	68	hypometh	119307870,119307881,119307892,119307900,119307910,119307925,119307938	7
1	119438269	119438325	56	hypermeth	119438269,119438291,119438305,119438308,119438314,119438317,119438325	7
1	119438630	119438715	85	hypermeth	119438630,119438657,119438715	3
1	120013154	120013329	175	hypermeth	120013154,120013182,120013191,120013263,120013269,120013279,120013299,120013329	8
1	120895441	120895552	111	hypermeth	120895441,120895466,120895501,120895552	4
1	121855521	121855675	154	hypermeth	121855521,121855552,121855584,121855675	4
1	121894584	121894625	41	hypometh	121894584,121894621,121894625	3
1	121897994	121898056	62	hypermeth	121897994,121898037,121898056	3
1	121905469	121905550	81	hypometh	121905469,121905503,121905512,121905515,121905550	5
1	121908361	121908390	29	hypermeth	121908361,121908385,121908390	3
1	123618714	123618770	56	hypermeth	123618714,123618723,123618734,123618750,123618770	5
1	124938688	124938724	36	hypermeth	124938688,124938699,124938724	3
1	124940058	124940170	112	hypermeth	124940058,124940069,124940094,124940170	4
1	124941118	124941291	173	hypermeth	124941118,124941170,124941201,124941231,124941239,124941254,124941262,124941281,124941291	9
1	124942169	124942347	178	hypermeth	124942169,124942195,124942199,124942299,124942306,124942336,124942340,124942347	8
1	124944750	124944790	40	hypermeth	124944750,124944781,124944790	3
1	124944908	124945027	119	hypermeth	124944908,124944920,124944949,124944966,124944973,124944977,124945007,124945014,124945027	9
1	124947443	124947679	236	hypermeth	124947443,124947455,124947484,124947501,124947508,124947512,124947542,124947549,124947562,124947573,124947584,124947609,124947649,124947653,124947679	15
1	124949804	124949970	166	hypermeth	124949804,124949816,124949845,124949862,124949869,124949873,124949903,124949910,124949923,124949934,124949945,124949970	12
1	124951415	124951532	117	hypermeth	124951415,124951426,124951437,124951462,124951532	5
1	124952490	124952573	83	hypermeth	124952490,124952533,124952542,124952573	4
1	124953136	124953183	47	hypermeth	124953136,124953147,124953158,124953183	4
1	124953821	124953850	29	hypermeth	124953821,124953838,124953850	3
1	124954258	124954535	277	hypermeth	124954258,124954289,124954327,124954342,124954350,124954369,124954379,124954387,124954416,124954428,124954457,124954474,124954481,124954485,124954515,124954522,124954535	17
1	125497100	125497182	82	hypermeth	125497100,125497115,125497123,125497142,125497152,125497182	6
1	125497309	125497356	47	hypermeth	125497309,125497320,125497331,125497356	4
1	125498484	125498544	60	hypermeth	125498484,125498492,125498507,125498515,125498534,125498544	6
1	125498712	125498748	36	hypermeth	125498712,125498723,125498748	3
1	126363617	126363641	24	hypermeth	126363617,126363626,126363641	3
1	126873481	126873556	75	hypermeth	126873481,126873502,126873512,126873517,126873523,126873529,126873545,126873556	8
1	127042638	127042839	201	hypermeth	127042638,127042647,127042695,127042710,127042748,127042752,127042773,127042797,127042836,127042839	10
1	127062655	127062733	78	hypermeth	127062655,127062658,127062667,127062683,127062733	5
1	128184475	128184657	182	hypermeth	128184475,128184528,128184562,128184591,128184595,128184598,128184601,128184657	8
1	128184807	128184893	86	hypermeth	128184807,128184816,128184819,128184823,128184838,128184856,128184873,128184883,128184893	9
1	128288024	128288056	32	hypermeth	128288024,128288033,128288056	3
1	128608493	128608536	43	hypometh	128608493,128608502,128608536	3
1	128660002	128660111	109	hypometh	128660002,128660042,128660089,128660111	4
1	128872143	128872248	105	hypometh	128872143,128872170,128872181,128872184,128872205,128872214,128872230,128872238,128872248	9
1	128889067	128889093	26	hypometh	128889067,128889074,128889081,128889084,128889093	5
1	128900865	128901023	158	hypermeth	128900865,128900893,128900903,128900918,128900924,128900927,128900963,128900982,128901023	9
1	128901287	128901595	308	hypermeth	128901287,128901299,128901305,128901312,128901316,128901323,128901333,128901340,128901351,128901360,128901363,128901454,128901465,128901480,128901508,128901519,128901524,128901532,128901559,128901578,128901595	21
1	128967069	128967129	60	hypermeth	128967069,128967072,128967083,128967091,128967099,128967106,128967116,128967123,128967129	9
1	129291918	129291947	29	hypermeth	129291918,129291923,129291940,129291947	4
1	129389149	129389220	71	hypermeth	129389149,129389176,129389195,129389211,129389220	5
1	130964261	130964313	52	hypometh	130964261,130964294,130964313	3
1	131113849	131113930	81	hypermeth	131113849,131113864,131113875,131113908,131113914,131113930	6
1	131138523	131138608	85	hypermeth	131138523,131138529,131138559,131138562,131138586,131138597,131138602,131138605,131138608	9
1	131149364	131149582	218	hypermeth	131149364,131149381,131149390,131149414,131149417,131149438,131149456,131149462,131149469,131149473,131149487,131149491,131149497,131149506,131149541,131149582	16
1	131155733	131155792	59	hypermeth	131155733,131155736,131155748,131155765,131155792	5
1	131156100	131156180	80	hypermeth	131156100,131156116,131156120,131156127,131156136,131156156,131156165,131156180	8
1	131156302	131156562	260	hypermeth	131156302,131156313,131156342,131156359,131156368,131156371,131156399,131156406,131156411,131156441,131156458,131156462,131156471,131156508,131156536,131156562	16
1	131336586	131336700	114	hypometh	131336586,131336669,131336700	3
1	131862837	131862933	96	hypermeth	131862837,131862843,131862856,131862897,131862903,131862906,131862910,131862914,131862933	9
1	132076177	132076229	52	hypermeth	132076177,132076217,132076229	3
1	132317520	132317576	56	hypermeth	132317520,132317530,132317576	3
1	132326188	132326242	54	hypermeth	132326188,132326198,132326209,132326218,132326242	5
1	132449779	132449984	205	hypermeth	132449779,132449790,132449836,132449846,132449929,132449972,132449984	7
1	132578343	132578451	108	hypermeth	132578343,132578385,132578403,132578451	4
1	133226516	133226556	40	hypermeth	133226516,133226522,133226556	3
1	133239370	133239459	89	hypometh	133239370,133239423,133239431,133239459	4
1	135290780	135290824	44	hypermeth	135290780,135290818,135290824	3
1	135655882	135655976	94	hypermeth	135655882,135655940,135655976	3
1	135799668	135799689	21	hypermeth	135799668,135799679,135799689	3
1	135805725	135805760	35	hypermeth	135805725,135805738,135805760	3
1	135805920	135806116	196	hypermeth	135805920,135805926,135805942,135805971,135805980,135806025,135806116	7
1	136012276	136012286	10	hypermeth	136012276,136012280,136012286	3
1	136064126	136064192	66	hypermeth	136064126,136064132,136064184,136064189,136064192	5
1	136115568	136115656	88	hypermeth	136115568,136115592,136115656	3
1	136121739	136121778	39	hypometh	136121739,136121746,136121757,136121778	4
1	136498506	136498628	122	hypometh	136498506,136498516,136498532,136498542,136498621,136498628	6
1	136514659	136514712	53	hypometh	136514659,136514662,136514668,136514692,136514712	5
1	136536370	136536491	121	hypermeth	136536370,136536380,136536406,136536424,136536458,136536474,136536491	7
1	136627546	136627672	126	hypometh	136627546,136627642,136627647,136627672	4
1	137063676	137063757	81	hypermeth	137063676,137063693,137063704,137063712,137063757	5
1	138548128	138548212	84	hypermeth	138548128,138548154,138548186,138548212	4
1	138622394	138622498	104	hypermeth	138622394,138622399,138622405,138622469,138622473,138622498	6
1	138652744	138652834	90	hypermeth	138652744,138652749,138652754,138652766,138652794,138652800,138652808,138652834	8
1	138675872	138676267	395	hypermeth	138675872,138675887,138675983,138676000,138676022,138676030,138676033,138676097,138676142,138676145,138676148,138676193,138676219,138676222,138676239,138676267	16
1	138680799	138681129	330	hypermeth	138680799,138680807,138680814,138680839,138680852,138680855,138680876,138680879,138680901,138680908,138680917,138680945,138680948,138681040,138681084,138681094,138681099,138681129	18
1	138784470	138784501	31	hypermeth	138784470,138784480,138784501	3
1	138814634	138814823	189	hypermeth	138814634,138814646,138814658,138814670,138814690,138814695,138814703,138814717,138814726,138814751,138814758,138814761,138814768,138814772,138814778,138814782,138814823	17
1	139207019	139207055	36	hypermeth	139207019,139207030,139207052,139207055	4
1	139208991	139209027	36	hypermeth	139208991,139209002,139209024,139209027	4
1	139209195	139209267	72	hypermeth	139209195,139209236,139209267	3
1	139357880	139358004	124	hypermeth	139357880,139357883,139357909,139357964,139357969,139358004	6
1	140957566	140957633	67	hypometh	140957566,140957590,140957633	3
1	141349642	141349807	165	hypermeth	141349642,141349670,141349694,141349747,141349782,141349795,141349800,141349807	8
1	141459682	141459713	31	hypometh	141459682,141459692,141459713	3
1	141793756	141793815	59	hypometh	141793756,141793786,141793793,141793815	4
1	141841234	141841351	117	hypermeth	141841234,141841247,141841258,141841351	4
1	142175470	142175560	90	hypermeth	142175470,142175522,142175526,142175534,142175540,142175545,142175552,142175560	8
1	142835443	142835531	88	hypermeth	142835443,142835448,142835461,142835489,142835497,142835531	6
1	142987145	142987206	61	hypermeth	142987145,142987158,142987206	3
1	142987592	142987689	97	hypermeth	142987592,142987604,142987614,142987685,142987689	5
1	143020934	143021105	171	hypermeth	143020934,143020948,143020964,143020975,143020978,143020981,143021002,143021007,143021013,143021019,143021023,143021038,143021046,143021049,143021067,143021076,143021082,143021105	18
1	143021248	143021497	249	hypermeth	143021248,143021264,143021271,143021293,143021311,143021382,143021387,143021418,143021436,143021442,143021455,143021470,143021481,143021497	14
1	143021917	143021966	49	hypermeth	143021917,143021952,143021966	3
1	143204183	143204463	280	hypermeth	143204183,143204211,143204227,143204238,143204251,143204268,143204324,143204375,143204433,143204442,143204451,143204457,143204463	13
1	143519303	143519372	69	hypometh	143519303,143519318,143519323,143519327,143519337,143519372	6
1	143534440	143534452	12	hypermeth	143534440,143534444,143534452	3
1	143534790	143534995	205	hypermeth	143534790,143534831,143534892,143534920,143534995	5
1	143582085	143582175	90	hypermeth	143582085,143582104,143582113,143582125,143582146,143582167,143582172,143582175	8
1	143582721	143582792	71	hypermeth	143582721,143582733,143582755,143582780,143582792	5
1	143585798	143585978	180	hypermeth	143585798,143585808,143585814,143585817,143585835,143585873,143585895,143585903,143585910,143585918,143585934,143585946,143585972,143585978	14
1	143740038	143740133	95	hypermeth	143740038,143740050,143740069,143740090,143740113,143740133	6
1	143740793	143740918	125	hypermeth	143740793,143740807,143740833,143740846,143740853,143740865,143740878,143740893,143740907,143740918	10
1	143741074	143741307	233	hypermeth	143741074,143741121,143741137,143741143,143741147,143741155,143741176,143741181,143741192,143741195,143741249,143741266,143741272,143741302,143741307	15
1	143741452	143741531	79	hypermeth	143741452,143741468,143741480,143741485,143741489,143741503,143741511,143741521,143741531	9
1	143741649	143741814	165	hypermeth	143741649,143741656,143741666,143741671,143741677,143741690,143741710,143741725,143741738,143741744,143741777,143741785,143741810,143741814	14
1	143741954	143742238	284	hypermeth	143741954,143741975,143741980,143741991,143742008,143742012,143742026,143742037,143742043,143742061,143742067,143742079,143742085,143742089,143742093,143742172,143742178,143742182,143742188,143742197,143742212,143742233,143742238	23
1	144074485	144074658	173	hypermeth	144074485,144074537,144074568,144074576,144074598,144074606,144074621,144074629,144074648,144074658	10
1	144074826	144074932	106	hypermeth	144074826,144074837,144074862,144074902,144074932	5
1	144075500	144075529	29	hypermeth	144075500,144075517,144075529	3
1	144075999	144076262	263	hypermeth	144075999,144076007,144076022,144076030,144076049,144076059,144076089,144076096,144076108,144076137,144076154,144076161,144076165,144076195,144076202,144076215,144076226,144076237,144076262	19
1	144077633	144077669	36	hypermeth	144077633,144077644,144077669	3
1	144079504	144079680	176	hypermeth	144079504,144079516,144079522,144079539,144079548,144079568,144079639,144079642,144079649,144079680	10
1	144080304	144080471	167	hypermeth	144080304,144080316,144080345,144080362,144080373,144080404,144080411,144080424,144080435,144080446,144080471	11
1	144081863	144081972	109	hypermeth	144081863,144081893,144081972	3
1	144082127	144082149	22	hypermeth	144082127,144082138,144082149	3
1	144083716	144083763	47	hypermeth	144083716,144083727,144083738,144083763	4
1	144084995	144085237	242	hypermeth	144084995,144085007,144085036,144085053,144085060,144085064,144085094,144085101,144085114,144085125,144085136,144085161,144085202,144085206,144085232,144085237	16
1	144085824	144086034	210	hypermeth	144085824,144085867,144085876,144085907,144085937,144085945,144085960,144085968,144085997,144086005,144086027,144086034	12
1	144086164	144086200	36	hypermeth	144086164,144086175,144086200	3
1	144087400	144087607	207	hypermeth	144087400,144087412,144087441,144087458,144087465,144087469,144087499,144087506,144087519,144087530,144087541,144087566,144087607	13
1	144091328	144091364	36	hypermeth	144091328,144091353,144091364	3
1	144092254	144092309	55	hypermeth	144092254,144092266,144092297,144092309	4
1	144093396	144093515	119	hypermeth	144093396,144093474,144093515	3
1	144097431	144097538	107	hypermeth	144097431,144097481,144097485,144097492,144097509,144097538	6
1	144097669	144097708	39	hypermeth	144097669,144097677,144097708	3
1	144098463	144098510	47	hypermeth	144098463,144098474,144098485,144098510	4
1	144100387	144100553	166	hypermeth	144100387,144100399,144100428,144100445,144100452,144100456,144100486,144100493,144100506,144100517,144100528,144100553	12
1	144103187	144103223	36	hypermeth	144103187,144103212,144103223	3
1	144103889	144104055	166	hypermeth	144103889,144103901,144103930,144103947,144103954,144103958,144103988,144103995,144104019,144104030,144104055	11
1	144105046	144105161	115	hypermeth	144105046,144105056,144105130,144105161	4
1	144106557	144106593	36	hypermeth	144106557,144106568,144106593	3
1	144108836	144109187	351	hypermeth	144108836,144108862,144108906,144108931,144108942,144108953,144108966,144108973,144109003,144109007,144109010,144109014,144109060,144109072,144109101,144109109,144109119,144109138,144109146,144109161,144109169,144109187	22
1	144110086	144110122	36	hypermeth	144110086,144110097,144110122	3
1	144111924	144112299	375	hypermeth	144111924,144112003,144112057,144112063,144112089,144112093,144112133,144112158,144112169,144112180,144112193,144112200,144112230,144112234,144112237,144112241,144112258,144112287,144112299	19
1	144112418	144112541	123	hypermeth	144112418,144112426,144112457,144112510,144112531,144112541	6
1	144113688	144113925	237	hypermeth	144113688,144113700,144113729,144113746,144113753,144113757,144113788,144113795,144113808,144113819,144113830,144113855,144113895,144113899,144113925	15
1	144115544	144115587	43	hypermeth	144115544,144115575,144115584,144115587	4
1	144115702	144115821	119	hypermeth	144115702,144115714,144115743,144115760,144115767,144115771,144115801,144115808,144115821	9
1	144116893	144116984	91	hypermeth	144116893,144116945,144116948,144116976,144116984	5
1	144117233	144117269	36	hypermeth	144117233,144117244,144117269	3
1	144118405	144118522	117	hypermeth	144118405,144118416,144118427,144118452,144118492,144118496,144118522	7
1	144118661	144118876	215	hypermeth	144118661,144118703,144118722,144118727,144118753,144118815,144118833,144118836,144118839,144118846,144118856,144118872,144118876	13
1	144119084	144119119	35	hypermeth	144119084,144119090,144119107,144119119	4
1	144120338	144120573	235	hypermeth	144120338,144120350,144120379,144120396,144120403,144120407,144120436,144120443,144120456,144120467,144120478,144120503,144120573	13
1	144121595	144121821	226	hypermeth	144121595,144121624,144121641,144121648,144121652,144121704,144121715,144121726,144121751,144121791,144121795,144121821	12
1	144122198	144122362	164	hypermeth	144122198,144122204,144122221,144122230,144122250,144122321,144122324,144122331,144122342,144122362	10
1	144124008	144124172	164	hypermeth	144124008,144124014,144124031,144124040,144124060,144124131,144124134,144124141,144124152,144124172	10
1	144124447	144124552	105	hypermeth	144124447,144124455,144124474,144124491,144124517,144124534,144124552	7
1	144125852	144125913	61	hypermeth	144125852,144125882,144125913	3
1	144126090	144126137	47	hypermeth	144126090,144126115,144126126,144126137	4
1	144126375	144126414	39	hypermeth	144126375,144126383,144126414	3
1	144127921	144128129	208	hypermeth	144127921,144127934,144127941,144127971,144127975,144127982,144127999,144128028,144128047,144128077,144128087,144128106,144128114,144128129	14
1	144128290	144128350	60	hypermeth	144128290,144128307,144128333,144128350	4
1	144129275	144129311	36	hypermeth	144129275,144129300,144129311	3
1	144129470	144129652	182	hypermeth	144129470,144129478,144129507,144129515,144129530,144129557,144129600,144129652	8
1	144130531	144130571	40	hypermeth	144130531,144130562,144130571	3
1	144130689	144130855	166	hypermeth	144130689,144130701,144130730,144130747,144130754,144130758,144130788,144130795,144130808,144130819,144130830,144130855	12
1	144131235	144131271	36	hypermeth	144131235,144131260,144131271	3
1	144339389	144339418	29	hypermeth	144339389,144339395,144339418	3
1	144395640	144395724	84	hypometh	144395640,144395668,144395694,144395724	4
1	144428343	144428535	192	hypometh	144428343,144428385,144428411,144428418,144428431,144428454,144428470,144428522,144428528,144428535	10
1	144805710	144805749	39	hypometh	144805710,144805732,144805736,144805749	4
1	144895677	144895825	148	hypometh	144895677,144895734,144895760,144895769,144895825	5
1	144895963	144896095	132	hypometh	144895963,144895990,144896000,144896059,144896072,144896095	6
1	144960109	144960187	78	hypometh	144960109,144960113,144960135,144960139,144960149,144960169,144960179,144960187	8
1	145040315	145040346	31	hypermeth	145040315,145040325,145040346	3
1	145040448	145040535	87	hypermeth	145040448,145040491,145040535	3
1	145054454	145054563	109	hypermeth	145054454,145054486,145054520,145054548,145054563	5
1	145063561	145063774	213	hypometh	145063561,145063566,145063602,145063653,145063697,145063774	6
1	145102314	145102396	82	hypermeth	145102314,145102326,145102334,145102392,145102396	5
1	145107152	145107228	76	hypermeth	145107152,145107160,145107164,145107169,145107184,145107199,145107228	7
1	145107680	145107739	59	hypermeth	145107680,145107693,145107711,145107716,145107732,145107739	6
1	145108113	145108252	139	hypermeth	145108113,145108118,145108137,145108140,145108150,145108161,145108164,145108176,145108188,145108193,145108206,145108223,145108227,145108234,145108240,145108252	16
1	145124244	145124337	93	hypometh	145124244,145124274,145124337	3
1	145174800	145174852	52	hypometh	145174800,145174838,145174852	3
1	145229533	145229640	107	hypometh	145229533,145229576,145229603,145229618,145229640	5
1	145230114	145230210	96	hypometh	145230114,145230183,145230196,145230199,145230210	5
1	145230932	145231041	109	hypometh	145230932,145230936,145230944,145230975,145231019,145231041	6
1	145282007	145282037	30	hypermeth	145282007,145282026,145282037	3
1	145322981	145323049	68	hypermeth	145322981,145322991,145323049	3
1	145323268	145323406	138	hypermeth	145323268,145323291,145323314,145323321,145323338,145323348,145323406	7
1	145323657	145323747	90	hypermeth	145323657,145323679,145323702,145323709,145323747	5
1	145375191	145375259	68	hypermeth	145375191,145375201,145375259	3
1	145387718	145387831	113	hypermeth	145387718,145387741,145387763,145387785,145387808,145387815,145387831	7
1	145389766	145389834	68	hypermeth	145389766,145389776,145389834	3
1	145389955	145390018	63	hypermeth	145389955,145389972,145389995,145390018	4
1	145399967	145400035	68	hypermeth	145399967,145399977,145400035	3
1	145400377	145400423	46	hypermeth	145400377,145400400,145400423	3
1	145414958	145415072	114	hypermeth	145414958,145414968,145415049,145415072	4
1	145432639	145432691	52	hypermeth	145432639,145432646,145432686,145432691	4
1	145460482	145460676	194	hypometh	145460482,145460558,145460610,145460618,145460627,145460676	6
1	145466079	145466210	131	hypermeth	145466079,145466101,145466122,145466132,145466168,145466183,145466190,145466197,145466210	9
1	145487388	145487542	154	hypometh	145487388,145487412,145487428,145487438,145487484,145487519,145487542	7
1	145635856	145635874	18	hypometh	145635856,145635860,145635868,145635874	4
1	145714779	145715027	248	hypometh	145714779,145714783,145714819,145714826,145714849,145714853,145714881,145714886,145714929,145714942,145715027	11
1	145838030	145838126	96	hypometh	145838030,145838048,145838053,145838058,145838087,145838108,145838114,145838119,145838126	9
1	145862141	145862190	49	hypometh	145862141,145862156,145862190	3
1	145941498	145941557	59	hypometh	145941498,145941505,145941530,145941551,145941557	5
1	146035994	146036040	46	hypometh	146035994,146036030,146036040	3
1	146036369	146036807	438	hypometh	146036369,146036372,146036375,146036396,146036411,146036418,146036429,146036469,146036486,146036489,146036520,146036525,146036546,146036558,146036568,146036587,146036624,146036639,146036676,146036683,146036701,146036708,146036718,146036728,146036769,146036776,146036807	27
1	146043779	146043846	67	hypometh	146043779,146043822,146043827,146043846	4
1	146051519	146051578	59	hypometh	146051519,146051552,146051557,146051565,146051578	5
1	146131997	146132070	73	hypometh	146131997,146132017,146132070	3
1	146147074	146147276	202	hypometh	146147074,146147098,146147108,146147129,146147138,146147147,146147172,146147183,146147276	9
1	146190601	146190709	108	hypometh	146190601,146190632,146190709	3
1	146217930	146218144	214	hypermeth	146217930,146217937,146217945,146217954,146217961,146217980,146217991,146218010,146218020,146218045,146218061,146218111,146218144	13
1	146275065	146275180	115	hypometh	146275065,146275095,146275133,146275169,146275180	5
1	146310539	146310585	46	hypometh	146310539,146310544,146310567,146310571,146310585	5
1	146311158	146311235	77	hypometh	146311158,146311199,146311235	3
1	146320605	146320689	84	hypometh	146320605,146320665,146320689	3
1	146321022	146321122	100	hypometh	146321022,146321030,146321040,146321057,146321060,146321101,146321122	7
1	146436150	146436186	36	hypermeth	146436150,146436163,146436179,146436183,146436186	5
1	146490349	146490416	67	hypermeth	146490349,146490386,146490416	3
1	146501803	146501839	36	hypometh	146501803,146501824,146501839	3
1	146502282	146502352	70	hypometh	146502282,146502327,146502352	3
1	146559490	146559598	108	hypermeth	146559490,146559527,146559564,146559598	4
1	146586121	146586214	93	hypometh	146586121,146586157,146586214	3
1	146586840	146586968	128	hypometh	146586840,146586847,146586893,146586914,146586931,146586968	6
1	146696755	146696795	40	hypometh	146696755,146696774,146696795	3
1	146728548	146728598	50	hypometh	146728548,146728558,146728565,146728578,146728582,146728585,146728598	7
1	146735234	146735419	185	hypermeth	146735234,146735250,146735254,146735260,146735286,146735291,146735309,146735320,146735333,146735339,146735349,146735371,146735378,146735401,146735419	15
1	146735562	146735652	90	hypermeth	146735562,146735567,146735592,146735602,146735621,146735652	6
1	146862366	146862534	168	hypometh	146862366,146862383,146862399,146862419,146862429,146862468,146862483,146862506,146862534	9
1	146940982	146941106	124	hypometh	146940982,146940993,146941012,146941019,146941038,146941079,146941106	7
1	146963107	146963253	146	hypometh	146963107,146963132,146963165,146963197,146963207,146963253	6
1	147002054	147002252	198	hypometh	147002054,147002097,147002111,147002172,147002252	5
1	147002793	147002977	184	hypermeth	147002793,147002812,147002830,147002841,147002847,147002851,147002896,147002911,147002918,147002929,147002932,147002935,147002946,147002971,147002977	15
1	147038514	147038667	153	hypermeth	147038514,147038545,147038554,147038568,147038603,147038606,147038622,147038628,147038639,147038643,147038647,147038667	12
1	147039262	147039438	176	hypermeth	147039262,147039284,147039290,147039307,147039318,147039332,147039336,147039363,147039387,147039425,147039438	11
1	147058076	147058197	121	hypermeth	147058076,147058079,147058091,147058096,147058108,147058119,147058123,147058126,147058131,147058153,147058170,147058188,147058197	13
1	147061249	147061333	84	hypometh	147061249,147061283,147061295,147061333	4
1	147066937	147067004	67	hypermeth	147066937,147066964,147067004	3
1	147107306	147107400	94	hypometh	147107306,147107325,147107352,147107379,147107400	5
1	147120313	147120539	226	hypometh	147120313,147120361,147120370,147120433,147120463,147120499,147120539	7
1	147127440	147127520	80	hypometh	147127440,147127461,147127477,147127496,147127509,147127520	6
1	147403132	147403162	30	hypometh	147403132,147403140,147403162	3
1	147406605	147406663	58	hypermeth	147406605,147406608,147406625,147406637,147406660,147406663	6
1	147408217	147408405	188	hypermeth	147408217,147408292,147408315,147408405	4
1	147542269	147542308	39	hypermeth	147542269,147542301,147542308	3
1	147556124	147556409	285	hypermeth	147556124,147556141,147556153,147556168,147556171,147556177,147556183,147556195,147556226,147556241,147556249,147556257,147556289,147556312,147556409	15
1	147564903	147565106	203	hypermeth	147564903,147564922,147564925,147564937,147564941,147564952,147564969,147564991,147565064,147565097,147565106	11
1	147565235	147565411	176	hypermeth	147565235,147565243,147565261,147565267,147565285,147565351,147565368,147565374,147565388,147565405,147565411	11
1	147571789	147571852	63	hypermeth	147571789,147571796,147571817,147571833,147571852	5
1	147587013	147587127	114	hypermeth	147587013,147587016,147587019,147587029,147587046,147587049,147587052,147587062,147587072,147587075,147587085,147587097,147587105,147587108,147587127	15
1	147999924	148000174	250	hypermeth	147999924,147999958,147999985,147999998,148000003,148000069,148000097,148000140,148000149,148000157,148000174	11
1	148131933	148131991	58	hypermeth	148131933,148131941,148131949,148131963,148131987,148131991	6
1	148132196	148132261	65	hypermeth	148132196,148132217,148132261	3
1	148178357	148178476	119	hypermeth	148178357,148178435,148178476	3
1	148347416	148347479	63	hypermeth	148347416,148347436,148347469,148347472,148347479	5
1	148474883	148474943	60	hypermeth	148474883,148474913,148474943	3
1	148476576	148476682	106	hypermeth	148476576,148476581,148476590,148476606,148476625,148476640,148476663,148476682	8
1	148592035	148592135	100	hypometh	148592035,148592064,148592127,148592135	4
1	148678848	148678889	41	hypermeth	148678848,148678863,148678873,148678881,148678885,148678889	6
1	148678994	148679102	108	hypermeth	148678994,148679004,148679007,148679016,148679026,148679034,148679054,148679060,148679070,148679075,148679079,148679099,148679102	13
1	148694329	148694379	50	hypometh	148694329,148694375,148694379	3
1	148884067	148884156	89	hypometh	148884067,148884082,148884134,148884156	4
1	148947895	148948284	389	hypometh	148947895,148947977,148947993,148948000,148948032,148948040,148948048,148948069,148948098,148948114,148948162,148948189,148948194,148948284	14
1	149153632	149153691	59	hypometh	149153632,149153641,149153675,149153691	4
1	149525012	149525053	41	hypermeth	149525012,149525019,149525041,149525047,149525053	5
1	149837691	149837765	74	hypermeth	149837691,149837705,149837757,149837765	4
1	150029029	150029338	309	hypermeth	150029029,150029042,150029087,150029101,150029117,150029134,150029138,150029148,150029158,150029198,150029207,150029210,150029222,150029225,150029231,150029236,150029245,150029260,150029274,150029277,150029288,150029296,150029306,150029312,150029318,150029338	26
1	150029602	150029715	113	hypermeth	150029602,150029609,150029675,150029683,150029715	5
1	150057842	150057914	72	hypermeth	150057842,150057850,150057855,150057862,150057880,150057887,150057911,150057914	8
1	150058047	150058125	78	hypermeth	150058047,150058052,150058060,150058064,150058068,150058122,150058125	7
1	150081292	150081356	64	hypermeth	150081292,150081304,150081356	3
1	150145924	150146003	79	hypermeth	150145924,150145948,150146003	3
1	150228470	150228879	409	hypermeth	150228470,150228473,150228487,150228496,150228505,150228515,150228521,150228538,150228590,150228625,150228650,150228671,150228677,150228682,150228691,150228694,150228771,150228782,150228785,150228812,150228828,150228862,150228879	23
1	150249990	150250047	57	hypermeth	150249990,150249993,150250002,150250015,150250018,150250021,150250033,150250047	8
1	150250644	150250672	28	hypermeth	150250644,150250660,150250672	3
1	150439667	150439801	134	hypermeth	150439667,150439739,150439775,150439785,150439795,150439801	6
1	150500785	150500883	98	hypometh	150500785,150500792,150500832,150500851,150500883	5
1	150513335	150513587	252	hypometh	150513335,150513373,150513383,150513411,150513424,150513452,150513464,150513472,150513482,150513550,150513587	11
1	150587535	150587730	195	hypermeth	150587535,150587596,150587611,150587626,150587677,150587714,150587718,150587730	8
1	150682354	150682693	339	hypometh	150682354,150682373,150682400,150682490,150682500,150682509,150682560,150682574,150682606,150682628,150682654,150682658,150682661,150682673,150682681,150682693	16
1	150688793	150688866	73	hypometh	150688793,150688807,150688830,150688857,150688866	5
1	150724021	150724149	128	hypometh	150724021,150724025,150724064,150724104,150724149	5
1	150745718	150745833	115	hypometh	150745718,150745725,150745821,150745833	4
1	150835978	150836072	94	hypermeth	150835978,150835981,150835996,150836006,150836015,150836022,150836028,150836047,150836060,150836072	10
1	150883171	150883250	79	hypermeth	150883171,150883209,150883235,150883246,150883250	5
1	150961761	150961961	200	hypermeth	150961761,150961790,150961811,150961817,150961830,150961871,150961926,150961933,150961942,150961961	10
1	151151117	151151200	83	hypermeth	151151117,151151150,151151200	3
1	151152515	151152584	69	hypermeth	151152515,151152522,151152567,151152584	4
1	151165885	151165915	30	hypermeth	151165885,151165900,151165915	3
1	151166831	151166937	106	hypermeth	151166831,151166837,151166843,151166937	4
1	151451444	151451791	347	hypermeth	151451444,151451517,151451545,151451567,151451632,151451649,151451674,151451762,151451769,151451786,151451791	11
1	151485482	151485624	142	hypometh	151485482,151485497,151485530,151485618,151485624	5
1	151485747	151485806	59	hypometh	151485747,151485753,151485806	3
1	151564976	151565057	81	hypermeth	151564976,151564998,151565001,151565009,151565038,151565045,151565057	7
1	151616485	151616628	143	hypermeth	151616485,151616491,151616541,151616621,151616628	5
1	152298248	152298367	119	hypermeth	152298248,152298296,152298367	3
1	152361517	152361671	154	hypometh	152361517,152361524,152361528,152361615,152361636,152361642,152361649,152361653,152361661,152361667,152361671	11
1	152380915	152381346	431	hypermeth	152380915,152380929,152380948,152380956,152380984,152381011,152381037,152381043,152381052,152381064,152381069,152381076,152381103,152381114,152381123,152381162,152381174,152381177,152381187,152381191,152381196,152381214,152381298,152381326,152381346	25
1	152423184	152423241	57	hypometh	152423184,152423225,152423241	3
1	152454546	152454724	178	hypermeth	152454546,152454565,152454652,152454655,152454701,152454709,152454724	7
1	152509575	152509634	59	hypometh	152509575,152509629,152509634	3
1	152514620	152514721	101	hypometh	152514620,152514635,152514645,152514680,152514699,152514721	6
1	152515402	152515540	138	hypometh	152515402,152515405,152515414,152515417,152515421,152515446,152515505,152515518,152515540	9
1	152652273	152652280	7	hypometh	152652273,152652277,152652280	3
1	152889826	152889937	111	hypermeth	152889826,152889860,152889872,152889877,152889883,152889909,152889913,152889937	8
1	152890039	152890100	61	hypermeth	152890039,152890069,152890076,152890086,152890089,152890100	6
1	153046480	153046573	93	hypometh	153046480,153046496,153046573	3
1	153203395	153203512	117	hypermeth	153203395,153203406,153203417,153203442,153203482,153203486,153203512	7
1	153204784	153204890	106	hypermeth	153204784,153204795,153204820,153204860,153204864,153204890	6
1	153205576	153205616	40	hypermeth	153205576,153205607,153205616	3
1	153207105	153207341	236	hypermeth	153207105,153207117,153207125,153207146,153207163,153207170,153207174,153207204,153207211,153207224,153207235,153207246,153207271,153207311,153207315,153207341	16
1	153208149	153208166	17	hypermeth	153208149,153208156,153208166	3
1	153208980	153209086	106	hypermeth	153208980,153208992,153209021,153209038,153209045,153209049,153209079,153209086	8
1	153210114	153210160	46	hypermeth	153210114,153210139,153210150,153210160	4
1	153211478	153211526	48	hypermeth	153211478,153211503,153211514,153211526	4
1	153212494	153212660	166	hypermeth	153212494,153212506,153212535,153212552,153212559,153212563,153212593,153212600,153212613,153212624,153212635,153212660	12
1	153213663	153213829	166	hypermeth	153213663,153213688,153213699,153213710,153213723,153213730,153213760,153213764,153213771,153213788,153213817,153213829	12
1	153214078	153214192	114	hypermeth	153214078,153214095,153214116,153214121,153214158,153214166,153214186,153214192	8
1	153216232	153216332	100	hypermeth	153216232,153216240,153216270,153216321,153216332	5
1	153217865	153217947	82	hypermeth	153217865,153217887,153217895,153217905,153217924,153217932,153217944,153217947	8
1	153218649	153218772	123	hypermeth	153218649,153218653,153218656,153218669,153218679,153218686,153218689,153218692,153218729,153218741,153218748,153218754,153218758,153218772	14
1	153324581	153324686	105	hypometh	153324581,153324605,153324641,153324686	4
1	153346515	153346569	54	hypermeth	153346515,153346537,153346547,153346557,153346569	5
1	153431914	153432010	96	hypermeth	153431914,153431917,153431923,153431956,153431968,153431983,153431998,153432005,153432010	9
1	153432334	153432371	37	hypermeth	153432334,153432343,153432371	3
1	153799347	153799569	222	hypermeth	153799347,153799356,153799417,153799444,153799447,153799454,153799468,153799476,153799502,153799513,153799533,153799539,153799569	13
1	154028289	154028330	41	hypermeth	154028289,154028299,154028311,154028330	4
1	154028621	154028733	112	hypermeth	154028621,154028647,154028695,154028726,154028733	5
1	154030024	154030100	76	hypermeth	154030024,154030033,154030047,154030062,154030067,154030096,154030100	7
1	154037030	154037363	333	hypermeth	154037030,154037058,154037063,154037068,154037107,154037191,154037270,154037304,154037310,154037313,154037332,154037363	12
1	154038086	154038154	68	hypermeth	154038086,154038125,154038154	3
1	154064203	154064285	82	hypometh	154064203,154064215,154064258,154064272,154064275,154064285	6
1	154082187	154082263	76	hypometh	154082187,154082220,154082224,154082229,154082250,154082263	6
1	154219251	154219365	114	hypermeth	154219251,154219255,154219265,154219283,154219287,154219295,154219315,154219326,154219335,154219365	10
1	154219652	154219824	172	hypermeth	154219652,154219675,154219692,154219696,154219703,154219742,154219748,154219756,154219759,154219802,154219805,154219813,154219824	13
1	154220038	154220194	156	hypermeth	154220038,154220060,154220068,154220076,154220089,154220099,154220109,154220113,154220130,154220150,154220163,154220187,154220194	13
1	154222461	154222506	45	hypermeth	154222461,154222464,154222469,154222484,154222495,154222506	6
1	154222622	154222664	42	hypermeth	154222622,154222637,154222646,154222649,154222652,154222664	6
1	154223078	154223208	130	hypermeth	154223078,154223102,154223106,154223116,154223119,154223135,154223182,154223208	8
1	154267147	154267170	23	hypometh	154267147,154267162,154267170	3
1	154418238	154418318	80	hypometh	154418238,154418257,154418283,154418308,154418311,154418318	6
1	154420545	154420604	59	hypermeth	154420545,154420582,154420590,154420604	4
1	154737090	154737379	289	hypermeth	154737090,154737121,154737136,154737153,154737192,154737280,154737317,154737324,154737354,154737379	10
1	154761230	154761260	30	hypermeth	154761230,154761240,154761260	3
1	154802954	154803179	225	hypermeth	154802954,154802958,154802991,154803013,154803018,154803028,154803034,154803047,154803076,154803079,154803087,154803117,154803120,154803137,154803147,154803166,154803169,154803179	18
1	154960454	154960724	270	hypermeth	154960454,154960480,154960489,154960508,154960525,154960568,154960636,154960702,154960708,154960724	10
1	155031658	155031779	121	hypermeth	155031658,155031697,155031779	3
1	155061334	155061397	63	hypermeth	155061334,155061354,155061361,155061370,155061397	5
1	155142504	155142537	33	hypometh	155142504,155142522,155142537	3
1	155158159	155158196	37	hypometh	155158159,155158168,155158196	3
1	155161872	155162157	285	hypermeth	155161872,155161893,155161930,155161934,155161943,155161961,155161971,155161981,155162008,155162026,155162030,155162049,155162055,155162071,155162082,155162095,155162101,155162107,155162112,155162120,155162127,155162147,155162157	23
1	155178402	155178440	38	hypermeth	155178402,155178414,155178422,155178430,155178440	5
1	155182694	155182733	39	hypermeth	155182694,155182698,155182705,155182713,155182718,155182730,155182733	7
1	155196264	155196345	81	hypometh	155196264,155196325,155196345	3
1	155256726	155256808	82	hypermeth	155256726,155256729,155256808	3
1	155281488	155281563	75	hypermeth	155281488,155281494,155281503,155281512,155281519,155281525,155281529,155281563	8
1	155284502	155284562	60	hypometh	155284502,155284508,155284519,155284542,155284562	5
1	155302730	155302848	118	hypermeth	155302730,155302733,155302740,155302743,155302748,155302757,155302787,155302799,155302848	9
1	155338173	155338210	37	hypermeth	155338173,155338176,155338188,155338192,155338200,155338210	6
1	155338570	155338659	89	hypermeth	155338570,155338617,155338626,155338659	4
1	155406064	155406211	147	hypermeth	155406064,155406069,155406089,155406098,155406101,155406116,155406124,155406139,155406143,155406149,155406155,155406164,155406174,155406179,155406183,155406211	16
1	155450676	155450735	59	hypometh	155450676,155450707,155450735	3
1	155463309	155463348	39	hypometh	155463309,155463334,155463345,155463348	4
1	155535775	155535859	84	hypermeth	155535775,155535792,155535853,155535859	4
1	155681607	155681642	35	hypometh	155681607,155681635,155681642	3
1	155681748	155681758	10	hypometh	155681748,155681754,155681758	3
1	155684401	155684504	103	hypermeth	155684401,155684443,155684483,155684504	4
1	155685156	155685213	57	hypermeth	155685156,155685163,155685176,155685187,155685213	5
1	155685613	155685679	66	hypermeth	155685613,155685653,155685662,155685673,155685676,155685679	6
1	155688992	155689405	413	hypometh	155688992,155689004,155689016,155689075,155689108,155689114,155689171,155689246,155689326,155689361,155689370,155689381,155689405	13
1	155705821	155705884	63	hypometh	155705821,155705842,155705863,155705884	4
1	155714116	155714237	121	hypermeth	155714116,155714196,155714224,155714237	4
1	155741369	155741924	555	hypermeth	155741369,155741375,155741381,155741390,155741393,155741407,155741440,155741446,155741456,155741469,155741494,155741585,155741606,155741612,155741674,155741704,155741723,155741735,155741759,155741793,155741801,155741810,155741816,155741823,155741828,155741838,155741861,155741878,155741884,155741896,155741924	31
1	155742716	155742776	60	hypermeth	155742716,155742731,155742776	3
1	155752474	155752542	68	hypermeth	155752474,155752489,155752499,155752510,155752524,155752538,155752542	7
1	155752740	155752847	107	hypermeth	155752740,155752770,155752776,155752788,155752803,155752806,155752823,155752830,155752837,155752847	10
1	155763403	155763499	96	hypermeth	155763403,155763414,155763448,155763456,155763467,155763472,155763492,155763499	8
1	155775175	155775249	74	hypermeth	155775175,155775211,155775222,155775249	4
1	155775764	155776046	282	hypermeth	155775764,155775803,155775832,155775889,155775908,155775919,155775929,155775932,155775936,155775997,155776003,155776019,155776035,155776040,155776046	15
1	155801873	155802164	291	hypermeth	155801873,155801883,155801895,155801899,155801905,155801948,155801952,155801957,155801973,155802029,155802034,155802039,155802057,155802069,155802076,155802086,155802098,155802101,155802112,155802125,155802131,155802148,155802164	23
1	155802501	155802584	83	hypermeth	155802501,155802517,155802522,155802538,155802574,155802579,155802584	7
1	155816521	155816593	72	hypermeth	155816521,155816524,155816563,155816566,155816589,155816593	6
1	155817095	155817228	133	hypermeth	155817095,155817115,155817132,155817150,155817190,155817199,155817208,155817223,155817228	9
1	155833506	155833725	219	hypermeth	155833506,155833581,155833592,155833662,155833666,155833681,155833684,155833695,155833707,155833725	10
1	155834391	155834496	105	hypermeth	155834391,155834410,155834425,155834428,155834431,155834460,155834481,155834485,155834496	9
1	155834970	155835062	92	hypermeth	155834970,155834989,155835016,155835025,155835033,155835042,155835055,155835062	8
1	155990697	155990754	57	hypermeth	155990697,155990744,155990754	3
1	156336943	156336981	38	hypometh	156336943,156336952,156336964,156336981	4
1	156640579	156640867	288	hypermeth	156640579,156640586,156640593,156640605,156640608,156640615,156640620,156640636,156640686,156640691,156640699,156640704,156640708,156640712,156640749,156640753,156640781,156640784,156640796,156640818,156640831,156640867	22
1	156685375	156685636	261	hypermeth	156685375,156685414,156685435,156685438,156685449,156685465,156685481,156685490,156685499,156685583,156685612,156685622,156685636	13
1	156736660	156736801	141	hypermeth	156736660,156736674,156736722,156736727,156736773,156736801	6
1	156849439	156849491	52	hypermeth	156849439,156849444,156849461,156849478,156849481,156849491	6
1	156863056	156863184	128	hypermeth	156863056,156863076,156863107,156863127,156863146,156863184	6
1	156900034	156900258	224	hypermeth	156900034,156900051,156900079,156900083,156900098,156900105,156900174,156900200,156900258	9
1	156963497	156963734	237	hypermeth	156963497,156963516,156963522,156963565,156963596,156963661,156963676,156963699,156963710,156963725,156963734	11
1	157171112	157171916	804	hypermeth	157171112,157171126,157171143,157171146,157171149,157171153,157171159,157171167,157171170,157171174,157171177,157171188,157171198,157171207,157171215,157171219,157171236,157171240,157171257,157171260,157171272,157171278,157171294,157171310,157171314,157171334,157171359,157171369,157171384,157171387,157171393,157171410,157171414,157171428,157171459,157171468,157171481,157171487,157171495,157171499,157171591,157171600,157171603,157171612,157171618,157171630,157171633,157171650,157171664,157171670,157171680,157171688,157171692,157171700,157171705,157171719,157171723,157171737,157171743,157171772,157171778,157171790,157171793,157171830,157171836,157171850,157171867,157171882,157171889,157171895,157171912,157171916	72
1	157507597	157507666	69	hypermeth	157507597,157507609,157507666	3
1	157588447	157588476	29	hypermeth	157588447,157588458,157588461,157588470,157588476	5
1	157707267	157707305	38	hypermeth	157707267,157707295,157707305	3
1	157907402	157907535	133	hypermeth	157907402,157907417,157907425,157907447,157907496,157907529,157907535	7
1	157926664	157926752	88	hypermeth	157926664,157926673,157926684,157926752	4
1	157940333	157940387	54	hypermeth	157940333,157940349,157940358,157940363,157940376,157940387	6
1	158129094	158129155	61	hypermeth	158129094,158129099,158129114,158129146,158129155	5
1	158153333	158153563	230	hypermeth	158153333,158153351,158153359,158153366,158153382,158153436,158153449,158153484,158153524,158153542,158153563	11
1	158197975	158198038	63	hypermeth	158197975,158198005,158198014,158198032,158198038	5
1	158198458	158198660	202	hypermeth	158198458,158198467,158198498,158198525,158198563,158198660	6
1	158289988	158290086	98	hypermeth	158289988,158289999,158290010,158290030,158290036,158290044,158290057,158290064,158290074,158290086	10
