Chromosome	Position	Coverage	# methylated	% methylated
1	180179	18	0	0
1	733760	13	0	0
1	1291176	35	35	100
1	1712072	41	5	12.1
1	2029698	10	3	30
1	2108466	50	0	0
1	2205003	26	0	0
1	2206311	39	22	56.4
1	3049172	30	1	3.3
1	5035995	21	18	85.7
1	5239521	14	11	78.5
1	5244742	23	0	0
1	5304925	27	22	81.4
1	6537653	34	11	32.3
1	10069917	15	0	0
1	18910161	18	0	0
1	31242576	39	4	10.2
1	42531053	36	1	2.7
1	44514332	20	17	85
1	44884687	16	16	100
1	45082438	23	23	100
1	45103906	12	3	25
1	45734119	21	11	52.3
1	53809158	44	42	95.4
1	55395083	17	14	82.3
1	57177986	45	1	2.2
1	57219382	26	8	30.7
1	59433584	25	23	92
1	65545305	23	23	100
1	66212315	16	0	0
1	66835307	10	0	0
1	68012984	29	1	3.4
1	71765290	21	3	14.2
1	72585626	16	0	0
1	73515867	36	0	0
1	73850821	11	9	81.8
1	73974903	17	0	0
1	76569283	11	10	90.9
1	77563316	30	14	46.6
1	78013684	35	20	57.1
1	81252200	11	0	0
1	84841624	33	0	0
1	85922781	27	6	22.2
1	88075464	45	0	0
1	88160632	14	0	0
1	88589731	34	0	0
1	95171489	24	14	58.3
1	95794455	14	0	0
1	96788257	38	0	0
1	97308201	39	0	0
1	97952158	19	0	0
1	98396456	48	1	2
1	104576456	25	6	24
1	106851500	18	4	22.2
1	107773529	22	0	0
1	107774045	26	0	0
1	108087010	24	0	0
1	114144864	26	0	0
1	118300602	33	0	0
1	120199091	23	22	95.6
1	120486544	12	7	58.3
1	121872351	39	16	41
1	121923042	11	3	27.2
1	123242348	33	28	84.8
1	127469345	21	0	0
1	128184598	30	19	63.3
1	128407515	10	10	100
1	128468018	27	1	3.7
1	130108786	45	2	4.4
1	131239229	20	1	5
1	131244692	12	6	50
1	131564388	49	1	2
1	131779836	17	17	100
1	135855816	24	12	50
1	136767171	12	10	83.3
1	138513580	11	9	81.8
1	138815402	11	5	45.4
1	143172331	33	0	0
1	143256703	50	1	2
1	143576941	37	37	100
1	143601553	35	34	97.1
1	143633214	32	2	6.2
1	143789950	10	8	80
1	144089388	11	6	54.5
1	144097677	14	8	57.1
1	144113446	10	6	60
1	144131360	33	20	60.6
1	144845436	29	0	0
1	145028821	19	0	0
1	145229639	18	6	33.3
1	145628620	27	15	55.5
1	145687388	17	14	82.3
1	145796026	42	41	97.6
1	145830719	14	10	71.4
1	145855240	39	32	82
1	146145030	50	17	34
1	146650468	24	0	0
1	146862534	16	15	93.7
1	147003460	25	15	60
1	147300360	15	2	13.3
1	147413644	12	0	0
1	148773593	53	0	0
1	150244316	12	8	66.6
1	150307837	17	0	0
1	150575245	25	19	76
1	150690959	47	0	0
1	152695442	32	1	3.1
1	153213817	380	299	78.6
1	153216714	12	9	75
1	154024500	35	35	100
1	154037270	26	25	96.1
1	154064748	35	35	100
1	154073997	31	29	93.5
1	154803225	10	6	60
1	155117764	18	18	100
1	155833681	38	27	71
1	155904598	11	11	100
1	156525145	19	18	94.7
1	157268367	32	1	3.1
1	157466110	14	11	78.5
1	158078884	21	1	4.7
1	158079022	20	1	5
10	839453	20	15	75
10	895351	31	23	74.1
10	2362225	26	0	0
10	3206375	28	0	0
10	3902345	23	22	95.6
10	4418226	27	0	0
10	4608313	12	0	0
10	5048282	34	0	0
10	5303698	13	0	0
10	5397486	33	0	0
10	5436470	39	0	0
10	5480596	15	12	80
10	6049520	18	17	94.4
10	6459865	35	0	0
10	7289744	38	0	0
10	7827314	34	15	44.1
10	7879518	37	0	0
10	8689556	27	0	0
10	9674824	26	0	0
10	9675045	11	0	0
10	12448381	35	1	2.8
10	13050532	24	23	95.8
10	14641997	58	2	3.4
10	15236293	42	1	2.3
10	16682201	28	21	75
10	17235957	30	0	0
10	18628215	24	15	62.5
10	19457678	11	9	81.8
10	19980684	15	0	0
10	20711979	17	17	100
10	20760359	29	0	0
10	20896953	13	4	30.7
10	21447535	33	0	0
10	21699022	10	0	0
10	25496921	10	7	70
10	26729619	27	11	40.7
10	29956456	45	44	97.7
10	32862341	10	0	0
10	35869364	22	21	95.4
10	36425705	30	0	0
10	36525017	10	0	0
10	36568029	27	17	62.9
10	37035952	12	1	8.3
10	37353079	21	16	76.1
10	37495980	67	0	0
10	45205833	25	0	0
10	45388883	11	0	0
10	45438659	28	1	3.5
10	45875048	18	0	0
10	46006765	32	0	0
10	47073402	48	0	0
10	49649495	26	0	0
10	50282090	15	0	0
10	51598056	12	0	0
10	53917442	20	19	95
10	59479874	17	13	76.4
10	62436111	26	0	0
10	62822824	10	6	60
10	65435977	22	17	77.2
10	65652162	45	30	66.6
10	66752069	30	30	100
10	66754772	35	0	0
10	67755961	25	0	0
10	67756260	11	0	0
10	68398778	41	41	100
10	68735752	53	17	32
10	68778394	39	0	0
10	69469394	26	6	23
10	70839280	45	0	0
10	73143532	12	0	0
10	76999868	31	0	0
10	78195736	12	11	91.6
10	79733181	54	2	3.7
10	81793749	14	2	14.2
10	81814867	24	0	0
10	83241368	25	1	4
10	84787004	28	0	0
10	84926312	12	12	100
10	84979254	10	10	100
10	85325021	33	0	0
10	85461259	22	0	0
10	85586652	15	1	6.6
10	85776797	21	0	0
10	86415459	37	0	0
10	87686649	21	0	0
10	88942095	22	20	90.9
10	89070060	28	28	100
10	89246681	32	2	6.2
10	89566363	14	12	85.7
10	89589565	39	0	0
10	90130963	23	20	86.9
10	90912464	18	9	50
10	91533816	13	12	92.3
10	97784451	16	8	50
10	98235266	15	0	0
10	98235684	44	0	0
10	100735012	12	11	91.6
10	101074562	24	10	41.6
10	101238212	39	36	92.3
10	101251490	36	26	72.2
10	101259973	11	3	27.2
10	101717776	19	0	0
10	102026354	23	1	4.3
10	102152195	12	0	0
10	102346042	30	2	6.6
10	102434768	34	0	0
10	102908424	13	1	7.6
10	102939082	19	19	100
10	103112991	35	35	100
10	103249834	13	0	0
10	103473430	38	4	10.5
10	104176762	21	8	38
11	140398	33	2	6
11	2305966	29	0	0
11	2400215	18	14	77.7
11	2489641	34	7	20.5
11	2490849	32	27	84.3
11	2697892	21	21	100
11	2727933	31	29	93.5
11	2730607	28	0	0
11	2730954	36	1	2.7
11	2731123	34	0	0
11	2793545	14	0	0
11	3083851	19	19	100
11	3101947	19	16	84.2
11	4078704	22	11	50
11	4632167	28	26	92.8
11	5389717	11	11	100
11	5490986	44	0	0
11	5587936	25	19	76
11	5980877	28	12	42.8
11	6238649	27	0	0
11	6296586	24	2	8.3
11	6361334	29	2	6.8
11	6419170	13	7	53.8
11	6425155	10	10	100
11	7227737	10	4	40
11	8660414	22	9	40.9
11	9254708	14	14	100
11	9278328	20	0	0
11	10106357	63	5	7.9
11	10489606	35	0	0
11	10646491	23	22	95.6
11	11155324	17	2	11.7
11	11283683	10	10	100
11	11512701	30	1	3.3
11	12374019	29	1	3.4
11	13036575	29	26	89.6
11	13438719	10	0	0
11	13521769	13	0	0
11	14191335	15	14	93.3
11	14267474	27	14	51.8
11	14980034	10	0	0
11	15573610	18	16	88.8
11	15947585	26	25	96.1
11	19564440	12	0	0
11	19788730	11	0	0
11	19788782	15	0	0
11	20897170	33	31	93.9
11	20986486	24	5	20.8
11	21761187	12	0	0
11	25586528	35	0	0
11	25587938	14	0	0
11	25587949	15	0	0
11	27193831	22	0	0
11	28772624	18	16	88.8
11	31364850	12	7	58.3
11	36371387	12	1	8.3
11	40548078	38	1	2.6
11	43490654	16	2	12.5
11	44202325	16	8	50
11	44458968	20	20	100
11	44464774	25	11	44
11	46849655	20	0	0
11	47302872	34	0	0
11	48066315	18	0	0
11	48996187	25	0	0
11	49227108	33	0	0
11	49715833	42	0	0
11	51895590	17	10	58.8
11	60032988	46	0	0
11	61481697	25	1	4
11	62877749	24	0	0
11	63012431	71	1	1.4
11	63239007	16	10	62.5
11	68070243	24	0	0
11	68384394	15	0	0
11	68441844	36	0	0
11	68916259	10	10	100
11	68949608	17	14	82.3
11	69285969	32	32	100
11	69618518	39	0	0
11	69618907	13	0	0
11	72236949	24	0	0
11	72292073	14	0	0
11	72384935	28	28	100
11	73084168	12	10	83.3
11	73173397	51	0	0
11	73400287	24	0	0
11	73952511	16	11	68.7
11	74059357	40	26	65
11	74263952	43	27	62.7
11	75621502	28	5	17.8
11	78400029	33	5	15.1
11	78695565	13	0	0
11	79489127	26	0	0
11	80889284	36	1	2.7
11	82427516	40	36	90
11	82783451	28	21	75
11	83658936	16	1	6.2
11	86026699	13	8	61.5
11	86118114	22	0	0
11	86346532	11	0	0
11	86746617	40	36	90
11	86834986	14	0	0
11	87171615	13	13	100
11	87254040	15	15	100
11	87518993	44	21	47.7
11	87689529	36	0	0
11	89883161	27	2	7.4
11	90041918	15	0	0
11	92039210	10	9	90
11	92657149	20	18	90
11	92801973	24	23	95.8
11	93055169	44	33	75
11	93087559	15	4	26.6
11	94418570	14	0	0
11	94498617	34	1	2.9
11	94674316	13	12	92.3
11	95151484	43	0	0
11	95373047	35	34	97.1
11	95773277	24	15	62.5
11	95773821	21	0	0
11	97229304	26	25	96.1
11	97399370	27	1	3.7
11	97459714	19	9	47.3
11	97467227	12	0	0
11	97887787	46	46	100
11	98251532	14	12	85.7
11	98498144	29	0	0
11	98498292	42	1	2.3
11	98561594	19	0	0
11	98575345	17	17	100
11	98651167	37	9	24.3
11	99048273	31	0	0
11	99116936	10	8	80
11	99190234	35	32	91.4
11	99232151	33	1	3
11	99411163	25	0	0
11	99442670	47	35	74.4
11	99442740	33	30	90.9
11	99496687	14	14	100
11	99528411	41	3	7.3
11	99629090	16	15	93.7
11	99832807	31	1	3.2
11	99914353	16	0	0
11	100013037	12	12	100
11	100025066	12	0	0
11	100454111	50	23	46
11	101152964	14	13	92.8
11	101280486	11	11	100
11	101453361	34	13	38.2
11	101489719	30	0	0
11	101578890	10	8	80
11	101671704	37	0	0
11	101672086	47	0	0
11	102663926	22	12	54.5
11	102694495	24	0	0
11	102845671	13	11	84.6
11	103043788	32	23	71.8
11	103080443	26	2	7.6
11	103161630	11	11	100
11	103161688	10	5	50
11	103583527	13	12	92.3
11	103737963	24	3	12.5
11	103750447	20	20	100
11	103800104	31	3	9.6
11	103823421	19	15	78.9
11	103824231	29	28	96.5
11	103876352	32	1	3.1
11	103967254	12	0	0
11	103990623	11	10	90.9
11	103992425	30	28	93.3
11	104005873	12	11	91.6
11	104145794	11	0	0
11	104180508	36	36	100
11	104183546	10	5	50
11	104205947	42	34	80.9
11	104312156	46	0	0
11	104359744	18	12	66.6
11	104359766	18	14	77.7
11	104408556	21	0	0
11	104422934	15	14	93.3
11	104440038	15	15	100
11	104696372	18	18	100
11	104885191	24	21	87.5
11	104986563	27	24	88.8
11	105187965	21	20	95.2
11	105364581	22	9	40.9
11	105473345	30	21	70
11	105549907	38	3	7.8
11	105675319	17	3	17.6
11	105742378	22	0	0
11	105776207	12	0	0
11	105790526	25	0	0
11	105837951	29	26	89.6
11	105839076	26	4	15.3
11	105879056	16	15	93.7
11	105892521	16	0	0
11	105902987	10	9	90
11	105959198	22	13	59
11	105959861	20	19	95
11	105993852	15	15	100
11	106003322	43	41	95.3
11	106190923	33	1	3
11	106250108	10	1	10
11	106297551	22	21	95.4
11	106297692	26	26	100
11	106329054	11	9	81.8
11	106339072	27	6	22.2
11	106356076	26	25	96.1
11	106395759	12	12	100
11	106499144	23	16	69.5
11	106608785	14	14	100
11	106650260	16	9	56.2
11	106676287	32	30	93.7
11	106794412	21	4	19
11	106872621	10	10	100
11	106877743	16	13	81.2
11	107056160	39	28	71.7
11	107142151	18	7	38.8
11	107306970	70	63	90
12	35032	39	9	23
12	2130501	36	0	0
12	10206229	16	6	37.5
12	11625501	29	0	0
12	11625851	25	0	0
12	12754722	28	27	96.4
12	14063010	41	2	4.8
12	14847188	13	0	0
12	14848177	13	0	0
12	15007743	26	26	100
12	15362861	29	28	96.5
12	15794810	20	15	75
12	16427052	23	20	86.9
12	17960807	27	0	0
12	18563890	13	6	46.1
12	20351961	12	11	91.6
12	20364701	23	23	100
12	20605682	31	29	93.5
12	20973032	24	0	0
12	20973703	24	0	0
12	21145674	10	9	90
12	21416198	19	17	89.4
12	21565798	35	0	0
12	21676982	21	20	95.2
12	23269092	22	22	100
12	24837987	40	1	2.5
12	25607875	23	15	65.2
12	27806787	29	0	0
12	28272779	10	4	40
12	28310165	14	14	100
12	28612620	26	0	0
12	29504463	29	24	82.7
12	30199103	28	1	3.5
12	30503210	41	0	0
12	31295629	11	6	54.5
12	31610623	44	29	65.9
12	32844962	20	0	0
12	32892848	48	0	0
12	33008840	16	16	100
12	33639976	29	19	65.5
12	33701684	10	7	70
12	34235249	23	3	13
12	34532082	14	14	100
12	34532124	15	14	93.3
12	34836545	28	0	0
12	34910717	26	26	100
12	35021046	14	2	14.2
12	35339566	46	32	69.5
12	35587032	11	11	100
12	35799373	38	38	100
12	36055135	37	0	0
12	36187389	16	0	0
12	36210888	35	0	0
12	36404267	22	14	63.6
12	36455085	48	0	0
12	50140507	13	12	92.3
12	50888862	40	0	0
12	52484703	30	0	0
12	53279593	35	35	100
12	54086970	16	5	31.2
12	54094222	26	2	7.6
12	54148021	13	0	0
12	55255065	10	9	90
12	65277160	20	20	100
12	65289785	11	10	90.9
12	66224743	21	0	0
12	68116346	25	18	72
12	70581241	11	2	18.1
12	70666215	28	5	17.8
12	71529057	40	33	82.5
12	72455165	13	0	0
12	77227272	18	1	5.5
12	79375724	12	11	91.6
12	80692143	14	4	28.5
12	81544960	26	12	46.1
12	83038690	14	13	92.8
12	83093665	19	16	84.2
12	83405480	16	3	18.7
12	85571099	14	12	85.7
12	86228423	30	29	96.6
12	86240878	10	6	60
12	87654218	17	1	5.8
12	87833195	26	12	46.1
12	88583867	23	16	69.5
12	88736718	30	17	56.6
12	88882263	21	14	66.6
12	88994859	10	9	90
12	89048219	25	23	92
12	89240601	24	18	75
12	89243421	42	41	97.6
12	89250772	26	15	57.6
12	89253719	19	19	100
12	89254170	53	51	96.2
12	89336640	15	0	0
12	89489931	27	25	92.5
12	89507630	14	13	92.8
12	89537884	29	27	93.1
12	89556337	23	15	65.2
12	89637322	31	20	64.5
12	89662581	17	12	70.5
12	89869889	33	25	75.7
12	89903359	43	13	30.2
12	89943286	21	20	95.2
12	90091228	10	7	70
12	90091817	20	19	95
12	90170509	13	0	0
12	90326049	28	28	100
12	90403246	34	1	2.9
12	90415662	15	11	73.3
12	90453003	19	16	84.2
12	90474079	21	20	95.2
12	90609529	23	0	0
12	90703874	36	36	100
12	90704107	37	32	86.4
12	90782623	11	11	100
12	90813746	50	0	0
12	90862279	14	12	85.7
12	91132852	26	1	3.8
13	789548	11	0	0
13	3877036	41	0	0
13	5581977	13	0	0
13	5583431	29	0	0
13	7145390	27	26	96.2
13	11003732	12	1	8.3
13	12242142	21	16	76.1
13	12536400	24	1	4.1
13	16403844	20	20	100
13	16470366	48	0	0
13	16779406	13	13	100
13	17755942	23	19	82.6
13	18193832	16	16	100
13	18259485	19	2	10.5
13	21707144	34	28	82.3
13	22969718	32	1	3.1
13	23723867	14	0	0
13	23854007	16	3	18.7
13	25863631	15	0	0
13	28132155	27	1	3.7
13	28314622	26	0	0
13	28511904	43	42	97.6
13	28649441	18	18	100
13	30198756	67	0	0
13	31359682	25	21	84
13	32186246	47	1	2.1
13	32187076	25	0	0
13	34525145	44	1	2.2
13	35623598	11	9	81.8
13	37129309	22	0	0
13	37133021	16	12	75
13	38100397	17	12	70.5
13	38283640	33	31	93.9
13	38544438	13	0	0
13	39727811	12	10	83.3
13	40231408	33	0	0
13	40677457	15	6	40
13	40813381	36	5	13.8
13	41175028	38	9	23.6
13	41256876	10	0	0
13	41919131	21	0	0
13	42405810	13	2	15.3
13	42452960	15	0	0
13	42688767	22	12	54.5
13	42793035	40	7	17.5
13	43008342	36	32	88.8
13	43522103	12	4	33.3
13	45380998	20	20	100
13	45493332	30	30	100
13	46848790	30	30	100
13	48993238	18	4	22.2
13	49008224	141	86	60.9
13	51764880	20	0	0
13	52592737	15	0	0
13	53756893	28	23	82.1
13	54143073	15	7	46.6
13	54178662	16	1	6.2
13	54190356	39	24	61.5
13	54265781	26	20	76.9
13	54407904	25	0	0
13	54419893	29	28	96.5
13	54451994	24	1	4.1
13	54550859	34	0	0
13	54591038	36	0	0
13	54744047	38	31	81.5
13	54754027	26	6	23
13	54799293	14	0	0
13	54965482	27	24	88.8
13	54992943	35	33	94.2
13	55234216	19	12	63.1
13	55291481	20	1	5
13	55291827	25	1	4
13	55341171	13	6	46.1
13	55360222	13	0	0
13	55419197	50	46	92
13	55428455	24	23	95.8
13	55501940	43	0	0
13	55671085	15	15	100
13	55963679	41	13	31.7
13	57492890	28	19	67.8
13	58037129	26	11	42.3
13	58047166	37	19	51.3
13	58261552	31	0	0
13	59036884	15	14	93.3
13	59261717	13	0	0
13	59426437	43	1	2.3
13	59628662	11	11	100
13	59861838	30	30	100
13	60812459	37	0	0
13	60918205	13	0	0
13	61584427	22	16	72.7
13	61699373	13	0	0
13	61938010	12	1	8.3
13	62408530	23	22	95.6
13	62411357	15	12	80
13	62424863	49	49	100
13	62453564	17	0	0
13	62526926	14	2	14.2
13	62606614	13	9	69.2
13	62654719	20	18	90
13	63403817	40	0	0
13	63789161	16	13	81.2
13	63953954	34	0	0
13	64069275	18	0	0
13	64726060	14	0	0
13	65390692	12	11	91.6
13	66158941	27	11	40.7
13	66204682	45	41	91.1
13	66352686	51	12	23.5
13	66593872	20	0	0
13	68195017	61	2	3.2
13	68321993	10	9	90
13	68586237	23	14	60.8
13	70951455	19	14	73.6
13	72833732	32	31	96.8
13	73143900	23	12	52.1
13	73401450	13	0	0
13	73437008	24	2	8.3
13	73877479	30	23	76.6
13	73877527	16	15	93.7
13	75280824	14	7	50
13	75367974	27	0	0
13	75410583	31	16	51.6
13	75456520	42	4	9.5
13	75813938	14	12	85.7
13	76099066	12	12	100
13	76955734	17	9	52.9
13	77696502	58	57	98.2
13	78272764	18	3	16.6
13	78405747	20	14	70
13	78840767	33	18	54.5
13	79153798	31	27	87
13	79329305	23	22	95.6
13	79383293	13	13	100
13	79703821	23	23	100
13	79902151	15	11	73.3
13	80093996	19	17	89.4
13	80150692	26	7	26.9
13	80223158	16	11	68.7
13	80232026	15	14	93.3
13	80555958	31	1	3.2
13	81025689	21	14	66.6
13	81119796	10	7	70
13	81481655	21	14	66.6
13	81559392	29	29	100
13	81609394	40	26	65
13	81874307	17	0	0
13	81987946	27	26	96.2
13	82269925	13	13	100
14	158691	40	21	52.5
14	399275	18	15	83.3
14	405104	57	14	24.5
14	512893	10	1	10
14	954295	64	60	93.7
14	1412760	38	0	0
14	1486367	39	7	17.9
14	1568031	29	28	96.5
14	1633356	41	35	85.3
14	1739566	16	16	100
14	1756177	21	0	0
14	1766594	23	0	0
14	1787527	20	2	10
14	1794370	36	34	94.4
14	1840128	23	5	21.7
14	1958816	16	7	43.7
14	2217038	13	11	84.6
14	2248718	28	19	67.8
14	2266761	21	18	85.7
14	2288415	29	1	3.4
14	2296858	12	8	66.6
14	2307236	32	31	96.8
14	2335066	38	2	5.2
14	2382849	15	12	80
14	2456937	19	9	47.3
14	2483194	33	32	96.9
14	2517408	13	0	0
14	2527213	26	26	100
14	2552567	13	7	53.8
14	2792249	20	20	100
14	2828578	23	13	56.5
14	2960518	10	6	60
14	3131241	25	20	80
14	3132430	18	18	100
14	3403725	12	0	0
14	3449054	22	2	9
14	3627027	34	20	58.8
14	3725719	10	6	60
14	3736879	23	19	82.6
14	3739811	13	12	92.3
14	3807800	12	10	83.3
14	3975205	37	3	8.1
14	4419004	14	10	71.4
14	4441438	11	10	90.9
14	4574592	19	14	73.6
14	4588816	13	10	76.9
14	4592400	31	15	48.3
14	4595106	11	11	100
14	4670930	27	21	77.7
14	4852189	27	18	66.6
14	4917217	143	114	79.7
14	4921302	16	9	56.2
14	7487887	10	8	80
14	7608963	38	6	15.7
14	9084902	26	21	80.7
14	9417028	50	50	100
14	11037135	43	2	4.6
14	11411778	12	4	33.3
14	11884107	13	13	100
14	13636360	23	13	56.5
14	14129599	13	13	100
14	14129911	14	14	100
14	15464793	15	0	0
14	16275368	32	8	25
14	17254409	26	0	0
14	17919420	39	1	2.5
14	18005978	16	16	100
14	18006068	18	16	88.8
14	18208484	23	0	0
14	21165042	17	0	0
14	21371576	32	27	84.3
14	21477572	13	11	84.6
14	22717442	25	0	0
14	23090248	19	5	26.3
14	23188009	18	0	0
14	23571893	48	2	4.1
14	24292644	15	12	80
14	25052541	15	0	0
14	25222011	20	0	0
14	26514219	30	0	0
14	26941362	14	2	14.2
14	27719860	22	0	0
14	28220916	35	1	2.8
14	30105783	19	6	31.5
14	30814480	29	3	10.3
14	31908778	16	0	0
14	31996928	14	10	71.4
14	36470500	20	0	0
14	37268539	15	0	0
14	37549023	26	4	15.3
14	39167089	36	0	0
14	39348528	46	0	0
14	39708467	10	6	60
14	39757456	24	1	4.1
14	40830852	31	0	0
14	49559075	32	0	0
14	57025792	23	0	0
14	63152575	56	1	1.7
14	63256752	36	1	2.7
14	63823525	31	13	41.9
14	66241875	27	1	3.7
14	67543325	21	6	28.5
14	68127980	20	14	70
14	68143474	18	5	27.7
14	68158461	47	36	76.5
14	68454102	29	0	0
14	69892460	50	5	10
14	70410869	13	2	15.3
14	70410957	65	6	9.2
14	70416214	11	0	0
14	72511131	26	22	84.6
14	78560015	19	0	0
14	78964238	31	3	9.6
14	80720107	18	14	77.7
14	83823954	28	16	57.1
14	84009155	33	22	66.6
14	84063149	24	17	70.8
15	1802613	43	0	0
15	1802906	14	0	0
15	4986718	11	8	72.7
15	13457384	21	1	4.7
15	14757792	20	0	0
15	16142450	22	0	0
15	18108531	33	0	0
15	20526246	28	28	100
15	21119529	39	5	12.8
15	21470648	19	18	94.7
15	22010788	30	23	76.6
15	22906035	14	13	92.8
15	23022943	10	8	80
15	23107150	29	16	55.1
15	24014224	20	9	45
15	24238387	45	39	86.6
15	24308157	38	10	26.3
15	26656575	20	7	35
15	27791047	15	11	73.3
15	28398399	29	28	96.5
15	28965836	17	15	88.2
15	30037702	20	8	40
15	30128156	28	0	0
15	30128193	29	0	0
15	30203758	43	0	0
15	30203873	36	0	0
15	30449867	17	0	0
15	34306195	16	14	87.5
15	34744900	10	9	90
15	36185249	34	33	97
15	36206198	22	20	90.9
15	37417328	35	21	60
15	40201128	23	22	95.6
15	42764989	24	22	91.6
15	42800868	36	22	61.1
15	43586026	34	0	0
15	43825048	40	0	0
15	43986780	21	17	80.9
15	44215964	34	0	0
15	44807894	14	13	92.8
15	44811041	16	8	50
15	48687936	23	15	65.2
15	49825361	40	14	35
15	52428791	15	11	73.3
15	52612045	14	14	100
15	52934132	20	0	0
15	52969740	22	11	50
15	53658250	45	34	75.5
15	53906971	14	0	0
15	55386665	21	7	33.3
15	56962174	25	0	0
15	56972371	31	22	70.9
15	59201567	36	0	0
15	62074123	15	11	73.3
15	63386399	37	20	54
15	63584739	18	18	100
15	67577073	25	12	48
15	72847949	14	12	85.7
15	74301690	26	0	0
15	75167433	37	32	86.4
15	75187028	40	0	0
15	75474056	14	8	57.1
15	75648960	21	21	100
15	75875973	13	11	84.6
15	75883319	29	0	0
15	75915555	58	40	68.9
15	76146640	12	7	58.3
15	76810063	17	14	82.3
15	76814218	24	21	87.5
15	76820589	11	11	100
15	78256775	14	13	92.8
15	78377439	27	27	100
15	78377591	20	18	90
15	78397645	34	14	41.1
15	78442022	19	0	0
15	80011101	19	0	0
15	81902630	45	0	0
15	82007292	11	9	81.8
15	82273900	77	69	89.6
15	82595612	78	61	78.2
15	82860709	64	47	73.4
15	83249019	24	1	4.1
15	83332625	11	11	100
15	83563241	19	13	68.4
15	84115084	24	24	100
15	84149528	13	8	61.5
15	84311816	12	7	58.3
15	84780862	39	29	74.3
15	84783723	17	17	100
15	84785301	17	16	94.1
15	84916089	24	19	79.1
15	84978057	12	10	83.3
15	85086502	34	22	64.7
15	85127746	10	6	60
15	85160751	16	15	93.7
16	110923	12	5	41.6
16	113194	27	21	77.7
16	127165	30	11	36.6
16	562010	21	20	95.2
16	1764483	35	26	74.2
16	1971133	48	0	0
16	2029308	22	21	95.4
16	2632829	26	23	88.4
16	2654963	16	1	6.2
16	2815423	33	0	0
16	2906452	29	2	6.8
16	2930976	22	16	72.7
16	2936925	42	0	0
16	3015857	14	0	0
16	3979633	22	22	100
16	4089028	31	26	83.8
16	4361657	15	10	66.6
16	4370560	24	22	91.6
16	4543497	22	21	95.4
16	4603041	12	0	0
16	7445485	48	2	4.1
16	24130966	17	9	52.9
16	24138046	19	2	10.5
16	24600136	29	4	13.7
16	24876963	40	1	2.5
16	25059722	22	0	0
16	28594834	31	14	45.1
16	29381138	36	23	63.8
16	29626157	14	13	92.8
16	29884288	32	1	3.1
16	29949719	34	0	0
16	29986787	34	0	0
16	30077870	15	0	0
16	30490614	20	19	95
16	30684249	18	13	72.2
16	30700198	20	9	45
16	31157373	21	21	100
16	32381141	15	15	100
16	34656538	12	0	0
16	35208052	12	1	8.3
16	37935994	32	0	0
16	38321727	17	17	100
16	41820702	22	16	72.7
16	42539179	22	16	72.7
16	42868505	34	1	2.9
16	42911227	11	3	27.2
16	43449276	31	27	87
16	43841064	14	9	64.2
16	43868148	16	16	100
16	45065756	31	0	0
16	45131378	11	0	0
16	46201382	13	0	0
16	46512594	11	6	54.5
16	46522386	24	1	4.1
16	47054140	15	13	86.6
16	47229458	11	11	100
16	47649685	22	22	100
16	47760931	13	0	0
16	47767596	46	1	2.1
16	47782489	12	2	16.6
16	47827530	18	0	0
16	48126644	22	18	81.8
16	49276444	13	6	46.1
16	49328263	15	2	13.3
16	49454042	45	37	82.2
16	49511747	36	0	0
16	49612429	51	50	98
16	50546703	12	12	100
16	50610116	32	24	75
16	50672469	13	0	0
16	50678389	25	7	28
16	50867743	23	17	73.9
16	51027794	21	3	14.2
16	51099206	20	20	100
16	51168137	14	10	71.4
16	51556623	18	0	0
16	51607896	12	1	8.3
16	51756835	35	0	0
16	51828896	26	0	0
16	51948969	41	5	12.1
16	52057150	12	10	83.3
16	52189265	12	0	0
16	52219853	38	0	0
16	52261623	23	4	17.3
16	52398568	17	0	0
16	52588439	18	13	72.2
16	52672420	11	9	81.8
16	52878331	24	24	100
16	53199505	36	7	19.4
16	53278831	44	41	93.1
16	53698261	19	18	94.7
16	54013710	36	26	72.2
16	55475369	21	20	95.2
16	55495641	24	20	83.3
16	57812811	24	22	91.6
16	61810788	17	0	0
16	61992892	38	1	2.6
16	62068138	44	0	0
16	62252594	36	13	36.1
16	62844238	23	19	82.6
16	63171135	22	15	68.1
16	63185001	140	18	12.8
16	63535262	15	11	73.3
16	63562180	24	23	95.8
16	63690045	37	0	0
16	64953269	24	18	75
16	65171686	16	11	68.7
16	65636399	24	15	62.5
16	66570919	37	0	0
16	67279287	24	0	0
16	70823618	10	10	100
16	70905632	35	33	94.2
16	70947413	40	0	0
16	70959920	10	9	90
16	70997959	25	15	60
16	71067765	19	18	94.7
16	71104223	14	13	92.8
16	71143460	10	8	80
16	71994320	32	24	75
16	72949754	20	16	80
16	73716102	44	34	77.2
16	74006361	23	0	0
16	74946360	14	0	0
16	75342235	30	30	100
16	75596139	25	21	84
16	75610547	10	10	100
16	77136697	17	17	100
16	77201789	21	16	76.1
16	77235562	16	16	100
16	77462578	16	16	100
16	78750941	10	8	80
16	79003392	30	0	0
16	79311513	21	2	9.5
16	79808933	21	19	90.4
16	80237088	34	21	61.7
16	80624205	37	27	72.9
16	81318728	28	24	85.7
16	81411639	26	22	84.6
16	81509121	17	10	58.8
16	81613811	20	19	95
16	81702431	33	18	54.5
17	3514898	10	8	80
17	4457784	21	18	85.7
17	4739083	30	27	90
17	4739104	30	29	96.6
17	6785817	26	1	3.8
17	7549436	29	26	89.6
17	7741896	19	0	0
17	10560076	30	0	0
17	12231218	15	13	86.6
17	12258278	23	10	43.4
17	12743813	21	9	42.8
17	12988755	35	0	0
17	13737271	23	0	0
17	16933133	12	0	0
17	18197290	35	20	57.1
17	18325494	19	13	68.4
17	20122154	19	19	100
17	30074816	10	0	0
17	32888497	18	5	27.7
17	33493616	19	0	0
17	36340190	31	0	0
17	44634567	39	34	87.1
17	44980898	13	12	92.3
17	45375246	10	0	0
17	46108382	13	13	100
17	46193161	28	0	0
17	47638444	13	8	61.5
17	48436454	18	15	83.3
17	49313127	37	1	2.7
17	49313215	45	6	13.3
17	50201812	15	0	0
17	52632141	47	0	0
17	52962940	19	17	89.4
17	53143035	140	131	93.5
17	53502565	10	1	10
17	53687047	25	22	88
17	54039025	37	22	59.4
17	54219192	10	7	70
17	54901809	38	33	86.8
17	55484505	37	6	16.2
17	55577424	41	0	0
17	55580958	15	5	33.3
17	55873933	25	0	0
17	56042910	17	0	0
17	57081055	13	12	92.3
17	58000790	37	37	100
17	60247517	15	13	86.6
17	60706810	23	23	100
17	62333075	20	15	75
17	62351087	32	0	0
17	62484322	12	1	8.3
17	63049864	23	1	4.3
17	63103483	18	1	5.5
17	63103541	23	0	0
17	63261617	50	1	2
17	63630880	14	10	71.4
17	64350292	61	0	0
17	64538709	11	0	0
17	64721262	37	20	54
17	64723070	18	13	72.2
17	64826905	18	16	88.8
17	64847872	10	8	80
17	64859705	54	0	0
17	64927489	16	4	25
17	65730777	16	4	25
17	65904756	39	39	100
17	65921535	11	10	90.9
17	65933330	17	16	94.1
17	65950097	21	0	0
17	66629205	19	17	89.4
17	67122603	16	0	0
17	67153678	38	20	52.6
17	67318513	47	33	70.2
17	67456743	16	16	100
17	67557297	19	6	31.5
17	67711003	27	26	96.2
17	67767079	13	4	30.7
17	67838799	18	17	94.4
17	67999529	23	11	47.8
17	68356126	11	7	63.6
17	68424543	23	20	86.9
17	68551045	27	0	0
17	68857161	13	3	23
17	69027112	29	15	51.7
17	69381753	59	26	44
17	69474588	20	8	40
17	69476296	49	5	10.2
17	69476909	27	0	0
17	70551536	45	2	4.4
17	70657002	30	6	20
17	70855653	15	15	100
17	70966724	25	24	96
17	71093893	34	2	5.8
17	71574323	19	0	0
17	71605470	14	8	57.1
17	71828751	29	6	20.6
17	72053801	32	32	100
17	72421070	17	15	88.2
17	73263796	21	0	0
17	73287020	44	1	2.2
17	73335008	27	0	0
17	73383757	31	15	48.3
17	73386000	29	0	0
17	73412465	27	25	92.5
17	73486000	17	1	5.8
17	73526722	48	33	68.7
17	73579942	26	25	96.1
17	73584503	29	23	79.3
17	73618416	16	16	100
17	73671674	45	43	95.5
17	73779554	31	1	3.2
17	73782500	17	17	100
17	73783522	12	10	83.3
17	73787670	30	12	40
17	73809789	15	0	0
17	73814612	10	2	20
17	73819293	36	24	66.6
17	73820102	27	8	29.6
17	73855175	12	8	66.6
17	73867683	16	13	81.2
17	73955763	18	18	100
17	73987851	15	13	86.6
17	73996546	21	2	9.5
17	74098183	23	1	4.3
17	74138382	27	10	37
17	74153905	13	0	0
17	74155475	38	5	13.1
17	74156686	29	29	100
17	74182157	19	10	52.6
17	74193202	18	1	5.5
17	74209796	14	14	100
17	74221071	35	31	88.5
17	74312665	19	8	42.1
17	74319997	48	0	0
17	74335511	21	0	0
17	74401468	17	17	100
17	74404675	32	32	100
17	74408625	21	20	95.2
17	74412422	19	19	100
17	74476976	25	24	96
17	74523141	32	0	0
17	74526596	25	20	80
17	74535034	48	48	100
17	74633305	29	29	100
17	74715861	35	0	0
17	74818611	36	36	100
17	74907739	15	15	100
17	74967397	23	16	69.5
17	74984332	41	12	29.2
17	75125879	27	17	62.9
18	1134986	20	16	80
18	1534687	19	16	84.2
18	1744591	34	34	100
18	1911429	12	12	100
18	2206649	17	11	64.7
18	2212319	10	7	70
18	2299717	11	10	90.9
18	2481365	11	11	100
18	4449507	18	18	100
18	5045730	38	0	0
18	5091864	14	1	7.1
18	5298486	22	22	100
18	5353330	13	12	92.3
18	5373204	28	28	100
18	5610951	37	12	32.4
18	5794629	26	19	73
18	5811268	27	16	59.2
18	6083733	26	21	80.7
18	6167655	20	20	100
18	6251608	26	20	76.9
18	6428292	14	10	71.4
18	6552534	36	0	0
18	6553162	55	0	0
18	6553801	22	0	0
18	6578165	13	9	69.2
18	6738202	31	1	3.2
18	7236065	24	16	66.6
18	7237102	13	9	69.2
18	7982585	34	0	0
18	8079178	35	0	0
18	8091957	20	15	75
18	8105235	27	9	33.3
18	8115827	42	12	28.5
18	8121567	30	30	100
18	8135946	23	22	95.6
18	8287159	35	34	97.1
18	10405805	18	14	77.7
18	10450641	10	0	0
18	10451390	46	0	0
18	10473255	17	17	100
18	10876349	47	1	2.1
18	11171908	25	22	88
18	11524697	11	7	63.6
18	11745946	10	8	80
18	11799882	20	0	0
18	12032515	10	10	100
18	12184068	54	53	98.1
18	12331609	15	10	66.6
18	12406178	33	33	100
18	12442570	60	57	95
18	12660376	22	20	90.9
18	12728971	20	17	85
18	13331491	12	12	100
18	13369865	12	0	0
18	13504768	38	1	2.6
18	13529279	50	3	6
18	13734963	27	26	96.2
18	13870789	12	2	16.6
18	13970352	18	17	94.4
18	14200258	10	7	70
18	14223947	31	2	6.4
18	14380002	31	30	96.7
18	14394538	22	21	95.4
18	14423199	36	34	94.4
18	14439606	36	35	97.2
18	14588727	10	0	0
18	15281856	29	22	75.8
18	15281976	32	9	28.1
18	16346684	18	12	66.6
18	17816059	30	6	20
18	17822210	18	2	11.1
18	18130485	37	2	5.4
18	18249592	18	1	5.5
18	18393174	23	1	4.3
18	18756393	12	0	0
18	19032983	32	1	3.1
18	19162078	53	1	1.8
18	22407599	29	29	100
18	22833932	25	21	84
18	23337937	39	28	71.7
18	23567784	26	20	76.9
18	24290358	41	12	29.2
18	24350784	38	24	63.1
18	25135076	17	17	100
18	25371449	13	3	23
18	25710279	31	10	32.2
18	25777740	17	9	52.9
18	25799155	11	10	90.9
18	25987271	15	13	86.6
18	29861518	10	0	0
18	34659887	45	0	0
18	34931014	12	0	0
18	34981189	29	29	100
18	35742288	35	3	8.5
18	35888421	10	5	50
18	36470057	29	0	0
18	38384964	15	15	100
18	38485782	18	14	77.7
18	39152649	21	18	85.7
18	40231827	10	8	80
18	40538440	31	19	61.2
18	40816793	13	13	100
18	41345886	24	0	0
18	41896153	25	24	96
18	42896387	36	36	100
18	43358789	35	9	25.7
18	43644789	11	0	0
18	43846341	36	34	94.4
18	43864179	49	2	4
18	43931154	23	1	4.3
18	44126106	16	16	100
18	44334927	12	7	58.3
18	44339407	17	1	5.8
18	44419198	26	22	84.6
18	45524340	26	14	53.8
18	46046098	30	22	73.3
18	46162649	19	18	94.7
18	46189447	20	16	80
18	46585874	33	32	96.9
18	46617170	27	24	88.8
18	46756351	40	4	10
18	46894066	17	13	76.4
18	46905773	20	0	0
18	48141055	25	24	96
18	48141076	25	25	100
18	48183377	20	10	50
18	48397951	46	0	0
18	48728755	57	57	100
18	48875470	11	8	72.7
18	48897899	17	16	94.1
18	49293109	33	33	100
18	49649467	26	0	0
18	49658685	17	0	0
18	49750343	15	10	66.6
18	49909654	21	17	80.9
18	50173103	42	0	0
18	50273653	30	0	0
18	50572149	28	3	10.7
18	51222558	36	35	97.2
18	51266342	14	12	85.7
18	51318570	28	17	60.7
18	51334568	10	10	100
18	51415444	44	0	0
18	51503923	28	0	0
18	51596029	26	26	100
18	51638932	14	0	0
18	52100017	34	0	0
18	52268487	27	27	100
18	52311904	22	5	22.7
18	52921254	20	0	0
18	52968905	17	16	94.1
18	53436600	28	24	85.7
18	53464172	15	13	86.6
18	53589699	11	9	81.8
18	53677004	21	0	0
18	53765619	10	10	100
18	53772847	10	8	80
18	53777534	21	0	0
18	54187647	36	35	97.2
18	54208515	29	18	62
18	54276136	13	9	69.2
18	54492323	18	17	94.4
18	54507371	25	25	100
18	54573970	31	26	83.8
18	54608603	15	0	0
18	54689271	12	0	0
18	54709568	21	17	80.9
18	54836127	23	0	0
18	54917110	16	16	100
18	54988937	37	0	0
18	54989022	51	0	0
18	55047191	25	19	76
18	55078433	13	0	0
18	55145626	20	0	0
18	55358926	31	12	38.7
18	55536214	28	8	28.5
18	55545039	37	23	62.1
18	55611240	20	0	0
18	55703705	39	17	43.5
18	55726693	11	0	0
18	55727155	22	13	59
18	55824395	34	13	38.2
18	56033084	14	0	0
18	56361283	13	12	92.3
18	56445693	21	18	85.7
18	56563692	14	13	92.8
18	56668502	28	2	7.1
18	56675157	30	28	93.3
18	56692749	17	2	11.7
18	56725678	26	0	0
18	56729606	16	5	31.2
18	56904409	30	29	96.6
18	57000416	39	38	97.4
18	57039197	15	3	20
18	57240682	28	28	100
18	57788163	33	33	100
18	57808185	10	0	0
18	57927605	14	7	50
18	57927634	14	8	57.1
18	57972843	18	6	33.3
18	58468827	19	18	94.7
18	58652724	63	0	0
18	59423314	15	0	0
18	59576418	21	11	52.3
18	59620166	38	10	26.3
18	59665870	49	3	6.1
18	59894709	24	0	0
18	60630334	31	30	96.7
18	60696350	10	9	90
18	60969329	49	0	0
18	61032461	37	0	0
18	61317506	15	12	80
18	61338972	10	7	70
18	61617058	10	9	90
18	62157572	42	13	30.9
18	62265685	26	22	84.6
18	62379162	11	9	81.8
18	62391838	11	0	0
18	62418240	12	0	0
18	62469255	25	0	0
18	62473375	35	11	31.4
18	62474386	11	0	0
18	62477413	21	20	95.2
18	62537374	20	0	0
18	62759229	13	13	100
18	63115910	14	14	100
18	63119346	29	0	0
18	63397826	32	0	0
18	63429132	11	11	100
18	63439967	22	0	0
18	63449710	18	17	94.4
18	63654995	21	6	28.5
18	63735819	17	14	82.3
18	63833082	23	16	69.5
18	63941661	16	0	0
18	64015507	35	33	94.2
18	64228843	30	3	10
18	64270468	22	21	95.4
18	64637462	57	52	91.2
18	64737943	30	6	20
18	65598136	13	5	38.4
18	65786981	24	1	4.1
18	65918761	18	18	100
18	65967003	50	2	4
19	66766	134	41	30.5
19	70596	57	36	63.1
19	5741815	36	35	97.2
19	6237856	28	28	100
19	8601682	18	17	94.4
19	8891144	35	0	0
19	8933788	30	21	70
19	9527131	27	24	88.8
19	9670605	14	11	78.5
19	10556078	29	18	62
19	12752096	16	0	0
19	13115690	22	17	77.2
19	13251214	27	27	100
19	13483518	20	12	60
19	13525826	18	17	94.4
19	13614685	18	0	0
19	13734463	31	11	35.4
19	14076541	14	12	85.7
19	14889636	14	0	0
19	16191098	11	8	72.7
19	17503669	32	27	84.3
19	17635067	31	1	3.2
19	18388001	29	0	0
19	18834080	39	1	2.5
19	18834775	36	0	0
19	18857172	10	3	30
19	19888153	16	3	18.7
19	20874362	42	0	0
19	20964670	10	5	50
19	21064534	46	0	0
19	21420970	13	10	76.9
19	21685249	13	0	0
19	22267790	49	44	89.7
19	22990905	40	20	50
19	23318045	18	5	27.7
19	23895954	11	8	72.7
19	24032650	12	0	0
19	24213699	31	25	80.6
19	24951983	15	0	0
19	24976605	40	1	2.5
19	25168013	39	25	64.1
19	25197579	10	7	70
19	25651712	19	9	47.3
19	25894335	33	33	100
19	27121226	17	2	11.7
19	27129696	13	10	76.9
19	27250078	24	12	50
19	27562683	24	0	0
19	27782190	29	0	0
19	27933771	23	21	91.3
19	28010366	18	18	100
19	28228777	22	20	90.9
19	28285158	46	46	100
19	28708571	40	40	100
19	28893360	16	1	6.2
19	29067750	18	0	0
19	29083353	21	0	0
19	29083714	11	0	0
19	29084071	14	0	0
19	29273370	50	27	54
19	29559659	17	17	100
19	29876910	23	0	0
19	29956742	16	10	62.5
19	30679986	18	15	83.3
19	32487781	10	6	60
19	32829685	10	0	0
19	33389633	10	8	80
19	33745636	17	0	0
19	33778945	44	1	2.2
19	34074126	13	0	0
19	34714144	32	1	3.1
19	34960926	11	0	0
19	34985927	22	20	90.9
19	34987536	29	0	0
19	34998369	20	20	100
19	35004987	18	12	66.6
19	35007498	20	17	85
19	35164496	14	14	100
19	35232527	20	0	0
19	35449369	31	26	83.8
19	35483528	31	24	77.4
19	35486497	40	1	2.5
19	35563003	12	12	100
19	35806240	12	10	83.3
19	37103405	24	2	8.3
19	37317018	25	4	16
19	38081936	19	10	52.6
19	38434664	11	0	0
19	38556848	19	0	0
19	38563807	17	2	11.7
19	38564301	44	2	4.5
19	39229650	17	5	29.4
19	39262854	10	8	80
19	39692339	18	4	22.2
19	39727300	14	10	71.4
19	40319887	21	0	0
19	40609977	32	19	59.3
19	40761872	31	6	19.3
19	41237701	17	0	0
19	42463401	25	6	24
19	42662952	29	27	93.1
19	42663827	14	10	71.4
19	43055789	15	0	0
19	43330452	32	8	25
19	43456540	20	18	90
19	43831523	42	36	85.7
19	43868471	43	37	86
19	43868977	18	9	50
19	44099792	19	17	89.4
19	44438510	11	11	100
19	44700438	11	7	63.6
19	44783063	37	14	37.8
19	44954779	13	0	0
19	45493394	36	0	0
19	45513739	17	5	29.4
19	45520435	14	4	28.5
19	45889183	12	0	0
19	45889197	16	1	6.2
19	46068286	18	0	0
19	46430959	27	0	0
19	47799697	50	41	82
19	48562641	39	0	0
19	48682220	25	0	0
19	48731075	31	23	74.1
19	48827071	23	18	78.2
19	49338385	33	0	0
19	50405603	11	11	100
19	50494854	24	24	100
19	50737947	23	1	4.3
19	51255461	42	0	0
19	51596254	16	16	100
19	51601792	32	2	6.2
19	51609708	32	0	0
19	51681577	10	2	20
19	51912516	15	15	100
19	51916308	10	6	60
19	51950827	10	10	100
19	52192154	21	13	61.9
19	53067285	15	9	60
19	53317503	11	0	0
19	53355544	25	1	4
19	53377658	27	0	0
19	53473333	12	8	66.6
19	53510352	38	1	2.6
19	53705610	15	10	66.6
19	53935248	18	17	94.4
19	53943088	28	17	60.7
19	53961130	23	22	95.6
19	54262859	13	13	100
19	54386271	13	11	84.6
19	54426023	28	28	100
19	54474313	27	0	0
19	55141999	15	3	20
19	55179570	28	28	100
19	55310515	33	15	45.4
19	55376109	19	0	0
19	55857559	14	9	64.2
19	55879957	29	16	55.1
19	56155976	13	2	15.3
19	56249685	48	36	75
19	56270412	19	18	94.7
19	56325850	29	0	0
19	56676178	21	16	76.1
19	56973086	42	0	0
19	57088679	33	27	81.8
19	57180306	23	1	4.3
19	57297583	18	0	0
19	57341393	41	7	17
19	57793893	35	35	100
19	57794009	19	7	36.8
19	57815110	21	21	100
19	57838449	41	0	0
19	57942974	29	8	27.5
19	58115581	44	39	88.6
19	58205596	29	14	48.2
19	58259398	21	4	19
19	58280895	26	25	96.1
19	58480189	11	9	81.8
19	58544638	32	29	90.6
19	58634999	18	0	0
19	58686671	13	9	69.2
19	58748749	24	3	12.5
19	58806088	16	11	68.7
19	58846444	20	18	90
19	59163880	33	11	33.3
19	59194289	28	26	92.8
19	59820140	10	6	60
19	60000027	41	37	90.2
19	61071396	24	1	4.1
19	61631576	19	13	68.4
19	61765325	13	13	100
19	61923049	15	13	86.6
19	62144299	24	23	95.8
19	62200579	19	17	89.4
19	62348181	24	0	0
19	62462057	10	8	80
19	62474101	40	40	100
19	62668874	11	0	0
19	62808465	54	0	0
19	62845416	25	24	96
19	63093953	13	13	100
19	63218602	38	3	7.8
19	63523372	31	27	87
19	63592957	26	21	80.7
19	63626309	30	30	100
19	63628124	29	13	44.8
19	63676543	11	0	0
2	120061	14	12	85.7
2	4722631	30	1	3.3
2	4775834	15	10	66.6
2	4831617	17	16	94.1
2	5365936	14	2	14.2
2	5675314	11	11	100
2	6511550	21	1	4.7
2	10157172	12	11	91.6
2	13724945	12	3	25
2	16977531	25	21	84
2	18410352	24	0	0
2	19510853	30	0	0
2	20581323	17	16	94.1
2	20809343	13	3	23
2	20848593	51	19	37.2
2	20857605	37	1	2.7
2	22398183	35	34	97.1
2	22479918	14	0	0
2	22485974	14	1	7.1
2	22488013	19	2	10.5
2	23390697	50	1	2
2	24495022	15	0	0
2	24506866	10	0	0
2	24987562	13	0	0
2	26736029	14	0	0
2	30614515	10	0	0
2	35960842	36	0	0
2	37301058	27	27	100
2	40009653	16	0	0
2	41491640	31	1	3.2
2	42763464	17	0	0
2	45284105	16	16	100
2	45802163	18	0	0
2	48477046	29	0	0
2	50247101	17	12	70.5
2	52907049	23	0	0
2	54118435	112	11	9.8
2	58582208	19	1	5.2
2	65864385	14	0	0
2	70365959	24	23	95.8
2	71407371	26	26	100
2	71598073	25	6	24
2	72526414	45	40	88.8
2	73153506	27	20	74
2	73164289	37	37	100
2	80641013	58	0	0
2	86272629	37	0	0
2	89587162	15	12	80
2	91898915	21	1	4.7
2	93221902	27	0	0
2	98256166	56	0	0
2	98456720	33	0	0
2	100632376	52	48	92.3
2	100653988	437	325	74.3
2	101019115	12	0	0
2	104772136	20	0	0
2	104837526	35	26	74.2
2	104924480	22	8	36.3
2	104964613	32	15	46.8
2	104975221	32	6	18.7
2	104977078	11	1	9
2	104992641	16	14	87.5
2	106509415	22	0	0
2	106952974	32	31	96.8
2	107002513	35	27	77.1
2	107130016	32	2	6.2
2	107556236	41	4	9.7
2	107667454	48	3	6.2
2	107695580	26	25	96.1
2	107726871	30	1	3.3
2	108097151	23	1	4.3
2	108138755	34	3	8.8
2	108260326	25	25	100
2	108479092	17	16	94.1
2	111229191	13	2	15.3
2	111236824	10	0	0
2	111912883	25	8	32
2	115791160	21	20	95.2
2	115901984	28	27	96.4
2	116655138	17	0	0
2	118897603	11	11	100
2	120732064	30	29	96.6
2	120970957	17	0	0
2	120989569	47	4	8.5
2	121604292	29	0	0
2	122213675	29	0	0
2	122605759	20	20	100
2	122651213	28	0	0
2	123286581	37	0	0
2	123357091	17	17	100
2	123612566	13	2	15.3
2	124792813	40	27	67.5
2	124851167	31	16	51.6
2	124907043	23	0	0
2	124987501	37	33	89.1
2	125006615	19	0	0
2	125192693	14	0	0
2	125427173	20	0	0
2	126219450	28	3	10.7
2	126219559	26	0	0
2	126784774	16	16	100
2	127065776	27	0	0
2	127168017	27	27	100
2	127254632	19	0	0
2	127391771	26	26	100
2	127873310	19	18	94.7
2	128008000	34	1	2.9
2	128040321	13	0	0
2	128203288	25	0	0
2	129123110	16	12	75
2	129522567	36	0	0
2	129656973	12	5	41.6
2	130702788	25	24	96
2	130873639	40	1	2.5
2	130904359	24	22	91.6
2	131206868	12	2	16.6
2	131505308	18	17	94.4
2	131538224	36	36	100
2	131556278	21	17	80.9
2	131802011	35	32	91.4
2	131996685	16	0	0
2	132542583	13	8	61.5
2	132737427	15	15	100
2	133800231	23	22	95.6
2	133877992	27	7	25.9
2	133983962	32	0	0
2	133995191	19	19	100
2	134173342	10	3	30
2	134273430	29	28	96.5
2	134346577	37	1	2.7
2	134396955	23	14	60.8
2	134398048	32	20	62.5
2	134485410	29	0	0
2	134865028	24	8	33.3
2	134883263	17	13	76.4
2	134883267	17	8	47
2	134976889	21	3	14.2
2	135065978	12	3	25
2	135099858	20	15	75
2	135183093	10	2	20
2	135349027	45	41	91.1
2	135445061	64	63	98.4
2	135470377	19	6	31.5
2	135486083	35	33	94.2
2	135519493	11	8	72.7
2	135520554	11	3	27.2
2	135538848	24	21	87.5
2	135565722	47	36	76.5
2	135570334	18	18	100
2	135610848	16	12	75
2	135656048	12	1	8.3
2	135844812	17	15	88.2
2	135848941	29	25	86.2
2	135851322	18	17	94.4
2	135915843	16	0	0
2	136709765	116	82	70.6
20	739746	11	4	36.3
20	3132365	20	0	0
20	3132383	20	0	0
20	3220374	34	34	100
20	4823211	17	0	0
20	5512558	41	0	0
20	5715534	18	4	22.2
20	5951289	24	19	79.1
20	6038935	24	4	16.6
20	7736992	26	21	80.7
20	7948329	24	0	0
20	8245362	11	8	72.7
20	8930641	23	1	4.3
20	11199955	22	2	9
20	13006780	21	0	0
20	13435880	23	0	0
20	18044546	35	0	0
20	18790145	30	14	46.6
20	20166435	20	17	85
20	22297109	16	0	0
20	23297953	13	13	100
20	32618512	61	0	0
20	32618578	30	0	0
20	32881676	36	33	91.6
20	33775670	41	0	0
20	35376443	30	0	0
20	35536730	47	0	0
20	35588552	26	0	0
20	35997466	14	11	78.5
20	36528146	33	29	87.8
20	36608190	22	19	86.3
20	39251856	34	0	0
20	41039459	21	1	4.7
20	41446090	21	21	100
20	41648851	23	14	60.8
20	57851813	10	8	80
20	58376379	32	3	9.3
20	58377136	29	0	0
20	59252632	18	14	77.7
20	60861899	11	8	72.7
20	62497096	10	0	0
20	62821340	16	2	12.5
20	64504891	31	1	3.2
20	65152620	13	5	38.4
20	66570651	10	7	70
20	66719663	25	0	0
20	66823516	51	47	92.1
20	67282222	33	22	66.6
20	67813033	50	48	96
20	68138475	41	0	0
20	69221539	13	13	100
20	69253303	25	25	100
20	69519996	17	11	64.7
20	69811149	31	27	87
20	69827655	39	25	64.1
20	70225751	11	6	54.5
20	70258560	23	14	60.8
20	70276610	38	12	31.5
20	70358650	37	33	89.1
20	70363524	11	9	81.8
20	70561281	26	10	38.4
20	70958969	17	6	35.2
20	71102432	30	16	53.3
20	71179687	15	12	80
20	71246907	31	29	93.5
20	71294416	13	13	100
20	71394291	23	23	100
20	71530387	38	38	100
20	71559034	11	2	18.1
20	71613437	14	7	50
20	71775088	27	27	100
20	71775988	30	29	96.6
20	71880933	28	23	82.1
20	71984178	11	10	90.9
21	117200	13	11	84.6
21	1883666	42	15	35.7
21	1896670	29	17	58.6
21	1997241	27	26	96.2
21	2121727	13	13	100
21	4286576	23	10	43.4
21	5812814	31	31	100
21	6515169	22	3	13.6
21	6755934	31	0	0
21	7006097	42	0	0
21	8246587	23	20	86.9
21	8258709	19	11	57.8
21	8269632	14	13	92.8
21	8454090	18	0	0
21	8476039	38	29	76.3
21	10718199	16	0	0
21	10791062	27	0	0
21	10940000	23	19	82.6
21	13555039	13	6	46.1
21	14429301	26	26	100
21	14585221	10	1	10
21	14689905	34	1	2.9
21	16225799	17	13	76.4
21	16914345	25	22	88
21	16929509	17	15	88.2
21	19142843	20	4	20
21	19881467	11	7	63.6
21	19982179	19	0	0
21	20528452	21	19	90.4
21	20839255	13	12	92.3
21	20999085	11	0	0
21	21252721	16	2	12.5
21	21303773	21	1	4.7
21	21862324	21	17	80.9
21	22029929	12	8	66.6
21	22085259	11	3	27.2
21	22090364	27	25	92.5
21	22215028	41	38	92.6
21	25817273	20	0	0
21	25887425	19	17	89.4
21	27275418	10	7	70
21	28205063	13	12	92.3
21	28215281	34	0	0
21	28313388	15	9	60
21	28423411	18	10	55.5
21	29194342	22	1	4.5
21	30061095	22	5	22.7
21	30180383	23	1	4.3
21	31179029	12	2	16.6
21	31537218	25	0	0
21	32113619	23	4	17.3
21	33437320	31	1	3.2
21	33597895	26	25	96.1
21	33666088	20	0	0
21	33968431	32	29	90.6
21	34266974	16	12	75
21	34452006	27	0	0
21	35080869	10	0	0
21	37274338	19	0	0
21	39662446	28	4	14.2
21	43032818	31	0	0
21	43745716	27	2	7.4
21	45778318	37	0	0
21	48214685	30	2	6.6
21	48215157	28	1	3.5
21	48215542	20	10	50
21	48217842	11	0	0
21	49766079	38	0	0
21	55483073	14	0	0
21	57395501	18	0	0
21	59725439	12	9	75
21	59873873	37	13	35.1
21	60437104	21	17	80.9
21	60868636	13	3	23
21	61894983	16	14	87.5
21	61989210	34	32	94.1
21	62072981	22	20	90.9
21	62535581	40	36	90
21	62870310	14	0	0
21	63502247	47	40	85.1
21	63718020	34	28	82.3
21	63989206	13	12	92.3
21	65659720	14	13	92.8
21	65756221	13	4	30.7
21	65875227	15	13	86.6
21	66176697	22	16	72.7
21	66188238	20	2	10
21	66206121	14	11	78.5
21	66284781	40	3	7.5
21	66284847	41	0	0
21	66706714	33	30	90.9
21	66766302	13	13	100
21	66816922	12	0	0
21	66865596	22	0	0
21	67100899	32	27	84.3
21	67108810	35	35	100
21	67115673	14	14	100
21	67230115	48	34	70.8
21	67259623	14	7	50
21	67351571	15	5	33.3
21	67400962	19	19	100
21	68116975	24	17	70.8
21	68287131	12	8	66.6
21	68442392	30	29	96.6
21	68697693	19	19	100
21	68700818	31	31	100
21	68735932	21	19	90.4
21	68912178	35	0	0
21	69114110	30	27	90
21	69148317	21	20	95.2
21	69207453	10	10	100
21	69274226	15	0	0
21	69274886	36	2	5.5
21	69297765	10	10	100
21	69317959	11	11	100
21	69420601	40	4	10
21	69461380	37	9	24.3
21	69822394	11	0	0
21	69847347	28	1	3.5
21	70092800	31	16	51.6
21	70226556	10	5	50
21	70285412	14	10	71.4
21	70296948	32	18	56.2
21	70333047	38	26	68.4
21	70336392	17	14	82.3
21	70357381	40	22	55
21	70541429	11	7	63.6
21	70642701	10	10	100
21	70830436	16	16	100
21	70848978	25	0	0
21	70884882	11	5	45.4
21	70896548	18	13	72.2
21	70924836	14	12	85.7
21	70999830	19	18	94.7
21	71050534	26	26	100
21	71273331	10	10	100
21	71302337	12	12	100
21	71306897	15	15	100
21	71364972	14	14	100
21	71365189	22	20	90.9
21	71373241	13	11	84.6
22	1072547	33	2	6
22	2117179	10	0	0
22	2119188	18	0	0
22	3053493	17	0	0
22	5558424	13	10	76.9
22	5901645	11	10	90.9
22	6229223	26	23	88.4
22	7285377	24	0	0
22	7671035	19	18	94.7
22	7711084	23	23	100
22	7734146	40	36	90
22	10160249	23	4	17.3
22	10379654	17	0	0
22	10627018	37	0	0
22	10957298	20	17	85
22	11035804	14	4	28.5
22	11814221	29	1	3.4
22	11942550	19	17	89.4
22	12518407	12	9	75
22	12966914	29	2	6.8
22	13404095	28	0	0
22	14134380	11	10	90.9
22	14996927	11	0	0
22	15445290	12	11	91.6
22	15602167	22	9	40.9
22	15692971	14	14	100
22	15930611	37	35	94.5
22	16129670	36	3	8.3
22	16904421	34	0	0
22	17024130	18	0	0
22	17609220	19	14	73.6
22	17819683	37	0	0
22	18570693	48	39	81.2
22	21474088	20	20	100
22	22615694	29	2	6.8
22	23252625	10	10	100
22	24381094	19	1	5.2
22	28239344	34	0	0
22	29606612	26	24	92.3
22	35067900	34	0	0
22	37255663	24	24	100
22	37931773	41	33	80.4
22	38979061	17	9	52.9
22	38982134	11	4	36.3
22	39578927	29	20	68.9
22	43272219	24	16	66.6
22	43701297	11	8	72.7
22	44278854	11	9	81.8
22	45094653	14	1	7.1
22	46108929	33	4	12.1
22	47373310	34	0	0
22	47400893	14	0	0
22	47614045	27	17	62.9
22	49032509	44	0	0
22	49032708	26	0	0
22	49183089	32	0	0
22	49232977	13	13	100
22	49687456	16	9	56.2
22	49848797	33	0	0
22	50593773	18	2	11.1
22	50623676	12	12	100
22	50691279	26	0	0
22	50717048	61	1	1.6
22	50760806	16	0	0
22	50935739	11	11	100
22	51052176	11	0	0
22	51072916	30	28	93.3
22	51079453	42	0	0
22	51108018	20	14	70
22	51206932	23	0	0
22	51324865	44	0	0
22	51449908	19	10	52.6
22	51560035	37	22	59.4
22	51860231	18	15	83.3
22	52806160	29	28	96.5
22	53224445	14	0	0
22	53480330	11	6	54.5
22	53635951	21	10	47.6
22	53646560	25	23	92
22	53925819	11	10	90.9
22	54206969	10	10	100
22	54642866	23	21	91.3
22	54993816	46	0	0
22	55062810	15	8	53.3
22	55822584	28	0	0
22	56204255	19	12	63.1
22	56236303	23	0	0
22	56509580	43	32	74.4
22	56785889	31	0	0
22	56932906	18	18	100
22	57016723	37	1	2.7
22	57592971	35	22	62.8
22	57929744	10	0	0
22	58098466	16	16	100
22	58142891	21	18	85.7
22	58148333	13	9	69.2
22	58186558	25	4	16
22	58194110	14	11	78.5
22	58445494	20	11	55
22	58495544	11	6	54.5
22	58561643	18	15	83.3
22	58625292	37	22	59.4
22	58626590	11	10	90.9
22	58649555	38	33	86.8
22	58974588	50	0	0
22	58996431	33	28	84.8
22	59058903	33	0	0
22	59078475	16	16	100
22	59081560	20	9	45
22	59102517	16	12	75
22	59173526	34	18	52.9
22	59268912	40	5	12.5
22	59287221	27	10	37
22	59320582	14	7	50
22	59340145	19	15	78.9
22	59382774	20	6	30
22	59489021	36	33	91.6
22	59527061	22	18	81.8
22	59546516	22	22	100
22	59592302	10	10	100
22	59679148	29	29	100
22	59681970	11	4	36.3
22	59833243	44	0	0
22	59833266	29	0	0
22	59900957	14	4	28.5
22	60025283	39	33	84.6
22	60033375	33	33	100
22	60041424	10	10	100
22	60044861	25	25	100
22	60053980	30	2	6.6
22	60057213	14	13	92.8
22	60065552	15	14	93.3
22	60089164	22	15	68.1
22	60109890	16	16	100
22	60120680	17	17	100
22	60211403	25	25	100
22	60214557	43	0	0
22	60298280	10	8	80
22	60415431	14	7	50
22	60430082	31	13	41.9
22	60452561	17	3	17.6
22	60488926	16	0	0
22	60496568	12	9	75
22	60508135	25	5	20
22	60702471	12	11	91.6
22	60723376	29	10	34.4
22	60763574	20	9	45
22	60815307	10	8	80
22	60898356	20	17	85
22	60923311	39	38	97.4
22	61196042	22	21	95.4
22	61203470	20	18	90
22	61237953	42	36	85.7
23	864085	32	1	3.1
23	864489	27	0	0
23	3231348	39	3	7.6
23	6534545	42	5	11.9
23	7394357	24	0	0
23	7717176	22	18	81.8
23	7763839	20	3	15
23	7871260	13	12	92.3
23	8572937	12	11	91.6
23	8726791	16	15	93.7
23	8982503	16	9	56.2
23	9002677	20	19	95
23	9676221	34	0	0
23	9944589	21	0	0
23	10137002	12	11	91.6
23	10436444	49	0	0
23	10506064	28	20	71.4
23	10509820	39	36	92.3
23	10735230	12	0	0
23	11377383	477	287	60.1
23	11594601	19	0	0
23	11595794	19	0	0
23	12323361	34	0	0
23	13056157	15	8	53.3
23	13341376	26	19	73
23	13778847	11	11	100
23	14247054	23	3	13
23	14260126	13	1	7.6
23	14486315	13	4	30.7
23	15196157	38	22	57.8
23	15330962	14	0	0
23	15375848	42	2	4.7
23	15404407	13	11	84.6
23	15554313	18	0	0
23	15623586	17	1	5.8
23	16153485	28	6	21.4
23	16757307	11	0	0
23	17087441	24	0	0
23	17246684	22	21	95.4
23	18671899	10	0	0
23	18926388	14	7	50
23	19276961	45	1	2.2
23	19714770	31	0	0
23	20054666	31	29	93.5
23	23123412	13	1	7.6
23	24650643	11	7	63.6
23	24977150	22	0	0
23	27040687	20	1	5
23	27219326	55	0	0
23	27332834	11	3	27.2
23	27464295	21	0	0
23	27631838	23	4	17.3
23	27955534	21	20	95.2
23	28105376	24	0	0
23	28128776	45	0	0
23	28153858	24	21	87.5
23	28259434	20	0	0
23	29746096	10	7	70
23	30178505	10	7	70
23	30876744	16	0	0
23	30904532	117	25	21.3
23	31281408	10	0	0
23	31554117	29	0	0
23	32849656	16	0	0
23	33077020	44	0	0
23	36299452	33	0	0
23	37498758	12	0	0
23	38925004	48	2	4.1
23	40194347	26	0	0
23	40476722	36	36	100
23	41172390	14	13	92.8
23	41832310	15	12	80
23	42876948	11	0	0
23	43053698	22	20	90.9
23	44273927	22	0	0
23	45058605	52	9	17.3
23	45429847	38	33	86.8
23	45473516	50	6	12
23	47336578	15	12	80
23	47447117	61	14	22.9
23	47509338	45	0	0
23	47509361	45	0	0
23	47785524	45	44	97.7
23	47891230	32	32	100
23	48018177	32	1	3.1
23	48269093	46	0	0
23	48413181	18	17	94.4
23	48888506	31	25	80.6
23	48901787	23	11	47.8
23	49169913	18	11	61.1
23	49214971	24	24	100
23	49410799	16	0	0
23	49906775	12	1	8.3
23	50064120	44	44	100
23	50129345	39	28	71.7
23	50210304	26	24	92.3
23	50447712	16	15	93.7
23	50634177	17	13	76.4
23	50740670	15	12	80
23	51017047	21	15	71.4
23	51222541	17	16	94.1
23	51390205	24	6	25
23	51398386	10	9	90
23	51400732	28	19	67.8
23	51410192	37	27	72.9
23	51431744	17	12	70.5
23	51433745	21	5	23.8
23	51450900	30	9	30
23	51461147	19	8	42.1
23	51563530	22	5	22.7
23	51564305	26	5	19.2
23	51592344	36	7	19.4
23	51651977	16	16	100
23	51677536	20	18	90
23	51678199	54	4	7.4
23	51772928	35	35	100
23	51893497	13	0	0
23	52318233	19	17	89.4
23	52318397	22	20	90.9
24	90596	24	10	41.6
24	807369	37	0	0
24	949012	38	0	0
24	978182	29	29	100
24	1050170	21	15	71.4
24	1114536	21	16	76.1
24	1184519	18	17	94.4
24	2032368	23	6	26
24	2094194	42	35	83.3
24	2184732	10	9	90
24	2354756	13	10	76.9
24	2646657	17	15	88.2
24	2851634	19	19	100
24	3545030	18	12	66.6
24	3579140	26	25	96.1
24	3756940	11	11	100
24	3758728	22	7	31.8
24	3772372	30	24	80
24	4196951	33	30	90.9
24	4281336	46	3	6.5
24	5615401	26	0	0
24	7199651	46	0	0
24	7333577	18	0	0
24	7379372	33	2	6
24	9742481	33	33	100
24	11112718	18	13	72.2
24	12805709	55	54	98.1
24	14347000	27	0	0
24	15184229	25	10	40
24	19817778	18	0	0
24	19840467	25	24	96
24	19861163	19	0	0
24	19919662	19	0	0
24	19991545	23	7	30.4
24	20719791	36	34	94.4
24	21316808	66	1	1.5
24	21317292	45	0	0
24	21752096	17	17	100
24	21810006	13	0	0
24	21912315	12	12	100
24	25964726	34	1	2.9
24	28993310	33	0	0
24	33254625	16	16	100
24	33373076	13	0	0
24	33506855	32	0	0
24	33951142	10	0	0
24	34929139	36	0	0
24	35392796	18	0	0
24	36119348	33	0	0
24	36675546	15	15	100
24	37496789	14	0	0
24	37559988	11	11	100
24	38145657	34	30	88.2
24	39219909	36	0	0
24	40229337	22	0	0
24	40392540	17	15	88.2
24	40570301	19	11	57.8
24	40642590	37	29	78.3
24	42388362	21	15	71.4
24	42616120	13	0	0
24	42710938	23	3	13
24	43488692	24	0	0
24	43984389	22	18	81.8
24	48054723	21	0	0
24	48225131	45	31	68.8
24	48435665	27	22	81.4
24	48758899	30	24	80
24	48974054	17	16	94.1
24	49075918	17	7	41.1
24	49098872	35	0	0
24	49125012	34	0	0
24	50602858	18	13	72.2
24	50870110	27	0	0
24	51044148	18	15	83.3
24	51071737	44	0	0
24	54312274	10	6	60
24	54786575	10	0	0
24	56370390	15	11	73.3
24	56527813	11	8	72.7
24	57057823	13	9	69.2
24	57205248	21	0	0
24	57487914	18	0	0
24	58282366	28	0	0
24	58282549	17	0	0
24	58532221	12	12	100
24	58652849	14	11	78.5
24	59249583	33	1	3
24	60581860	13	11	84.6
24	60708172	23	23	100
24	60922685	33	33	100
24	61248175	10	1	10
24	61388820	18	0	0
24	62140527	10	10	100
25	143805	13	7	53.8
25	282631	30	30	100
25	311489	27	27	100
25	405293	21	2	9.5
25	444551	10	10	100
25	454140	33	33	100
25	469256	38	0	0
25	493438	11	11	100
25	507492	23	19	82.6
25	518757	30	0	0
25	542012	34	23	67.6
25	570462	12	0	0
25	595021	27	21	77.7
25	629561	32	28	87.5
25	787780	13	0	0
25	792686	13	0	0
25	832731	36	20	55.5
25	904316	15	13	86.6
25	981406	27	14	51.8
25	985989	30	9	30
25	1054591	34	1	2.9
25	1230799	15	15	100
25	1331821	10	10	100
25	1347057	16	16	100
25	1347188	19	18	94.7
25	1348676	12	0	0
25	1365044	16	16	100
25	1366053	29	20	68.9
25	1391383	13	0	0
25	1486723	27	15	55.5
25	1643819	11	9	81.8
25	1644780	13	12	92.3
25	1744722	11	11	100
25	1811355	15	14	93.3
25	1974909	11	3	27.2
25	1977440	42	0	0
25	1981033	14	0	0
25	2202282	17	7	41.1
25	2290809	31	31	100
25	2295501	19	19	100
25	2340260	11	0	0
25	2426195	16	1	6.2
25	2450018	38	6	15.7
25	2490650	27	21	77.7
25	2552752	20	0	0
25	2570930	42	0	0
25	2575992	11	10	90.9
25	2584634	12	0	0
25	3044703	11	0	0
25	3344219	15	0	0
25	3479396	26	0	0
25	3493976	19	17	89.4
25	3501035	26	26	100
25	3506060	40	0	0
25	3533442	12	0	0
25	3561247	14	1	7.1
25	3775235	25	24	96
25	3932001	16	0	0
25	6156208	19	13	68.4
25	7580990	20	20	100
25	7905898	31	0	0
25	7931466	42	0	0
25	7985644	14	14	100
25	8050566	10	7	70
25	9485210	17	16	94.1
25	9659050	17	4	23.5
25	9706414	36	30	83.3
25	9927969	21	19	90.4
25	9960693	26	26	100
25	10324544	25	0	0
25	10743954	12	0	0
25	10820517	23	21	91.3
25	11310282	27	22	81.4
25	11347323	21	8	38
25	11367765	17	2	11.7
25	11801536	12	4	33.3
25	12960677	25	25	100
25	13350381	27	14	51.8
25	14282751	23	21	91.3
25	14317007	23	23	100
25	16909039	19	0	0
25	18093292	13	7	53.8
25	18896451	10	9	90
25	19014199	174	137	78.7
25	19021704	10	7	70
25	19039088	12	10	83.3
25	20684683	17	0	0
25	20958690	18	10	55.5
25	21498645	17	17	100
25	21759879	42	0	0
25	22431332	10	1	10
25	23328113	30	1	3.3
25	25139244	17	0	0
25	25276976	23	14	60.8
25	25356917	25	0	0
25	25557340	12	12	100
25	26031758	16	11	68.7
25	26436799	23	0	0
25	26538760	20	20	100
25	26810916	46	0	0
25	26817836	19	1	5.2
25	26832076	36	0	0
25	26986198	41	3	7.3
25	27014992	17	17	100
25	27608458	22	15	68.1
25	27875685	35	0	0
25	27911187	28	1	3.5
25	27985349	22	0	0
25	28028766	50	0	0
25	28256667	15	0	0
25	28339604	10	0	0
25	30180875	22	18	81.8
25	30340574	301	88	29.2
25	30356197	128	89	69.5
25	32982740	36	29	80.5
25	33156780	11	11	100
25	33180295	17	17	100
25	33194828	15	7	46.6
25	33194914	15	15	100
25	33284039	46	17	36.9
25	33393576	22	13	59
25	33775667	26	0	0
25	33775957	20	1	5
25	33820262	33	4	12.1
25	33859392	13	8	61.5
25	33940522	18	17	94.4
25	33986991	50	36	72
25	34084711	18	1	5.5
25	34256497	17	10	58.8
25	34313199	45	19	42.2
25	34700319	17	14	82.3
25	34756891	24	24	100
25	34757025	18	17	94.4
25	34813868	10	2	20
25	34819335	16	0	0
25	35006840	17	16	94.1
25	35064193	15	0	0
25	35074659	50	50	100
25	35193061	12	11	91.6
25	35243878	22	22	100
25	35455196	22	15	68.1
25	35635306	12	3	25
25	35754830	12	8	66.6
25	35777012	14	14	100
25	35912776	29	23	79.3
25	36062574	16	16	100
25	36083713	28	24	85.7
25	36298757	14	0	0
25	36368508	19	17	89.4
25	36492226	22	12	54.5
25	36508006	16	0	0
25	36605732	33	25	75.7
25	36648687	31	0	0
25	36648945	29	0	0
25	36784606	23	0	0
25	36888547	30	30	100
25	36893031	24	22	91.6
25	36931557	52	0	0
25	37521114	26	14	53.8
25	37798041	11	11	100
25	37948802	14	13	92.8
25	38087204	47	25	53.1
25	38168881	22	18	81.8
25	38250421	24	10	41.6
25	38284578	22	21	95.4
25	38319590	27	22	81.4
25	38322686	20	0	0
25	38364605	20	20	100
25	38674395	18	15	83.3
25	38714828	13	13	100
25	38925715	29	0	0
25	38926328	20	0	0
25	39060721	17	0	0
25	39080388	13	0	0
25	39314822	18	17	94.4
25	39319836	18	0	0
25	39332159	11	0	0
25	39429881	21	0	0
25	39450460	18	17	94.4
25	39483331	11	3	27.2
25	39494818	32	26	81.2
25	39514157	12	6	50
25	39686014	13	10	76.9
25	39716213	22	21	95.4
25	39761246	19	14	73.6
25	39777009	22	22	100
25	39777029	14	12	85.7
25	39801247	35	35	100
25	39856872	37	24	64.8
25	39978294	15	6	40
25	40058488	46	42	91.3
25	40096628	30	18	60
25	40141617	34	9	26.4
25	40744724	24	0	0
25	40744808	24	0	0
25	41053765	42	22	52.3
25	41060881	23	16	69.5
25	41125897	35	34	97.1
25	41145144	22	22	100
25	41179466	15	6	40
25	41193429	22	20	90.9
25	41282624	16	3	18.7
25	41294596	15	15	100
25	41312866	40	1	2.5
25	41323189	18	15	83.3
25	41390149	34	0	0
25	41415327	25	19	76
25	41512461	41	40	97.5
25	41513031	29	29	100
25	41546862	14	14	100
25	41611873	18	6	33.3
25	41647829	17	16	94.1
25	41648225	31	29	93.5
25	41672713	33	33	100
25	41673751	11	9	81.8
25	41674604	42	22	52.3
25	41693972	17	17	100
25	41749631	37	37	100
25	41832991	15	14	93.3
25	41941278	31	1	3.2
25	41958263	15	14	93.3
25	42004435	27	27	100
25	42073418	10	5	50
25	42078301	21	11	52.3
25	42096884	40	36	90
25	42137780	13	9	69.2
25	42154515	21	21	100
25	42210264	47	20	42.5
25	42248188	22	15	68.1
25	42260995	29	28	96.5
25	42268401	26	25	96.1
25	42373428	22	17	77.2
25	42380164	20	0	0
25	42458671	13	13	100
25	42475722	44	2	4.5
25	42504454	23	23	100
25	42521267	24	24	100
25	42542051	14	12	85.7
25	42583860	21	12	57.1
25	42600163	22	2	9
25	42645755	21	16	76.1
25	42686367	23	7	30.4
25	42695991	16	16	100
25	42741234	24	17	70.8
26	3191135	22	4	18.1
26	3593992	29	1	3.4
26	7475604	48	0	0
26	8775375	44	39	88.6
26	11383658	18	0	0
26	12446850	22	3	13.6
26	14458253	11	0	0
26	14459625	11	0	0
26	16773934	16	3	18.7
26	16918409	25	0	0
26	17278306	10	0	0
26	18029243	38	1	2.6
26	18136799	11	8	72.7
26	18684486	40	0	0
26	19335041	13	11	84.6
26	20310863	30	0	0
26	20402255	49	1	2
26	20551257	12	0	0
26	21372198	18	17	94.4
26	21390755	16	0	0
26	21464181	17	4	23.5
26	21469188	12	0	0
26	21548498	29	3	10.3
26	21747532	10	1	10
26	22938039	39	3	7.6
26	23042649	28	27	96.4
26	23101313	14	5	35.7
26	23273281	27	14	51.8
26	23466356	21	14	66.6
26	23617512	15	1	6.6
26	24132034	36	0	0
26	24350691	23	17	73.9
26	24398832	20	6	30
26	24463089	26	1	3.8
26	24492432	10	0	0
26	24673811	20	20	100
26	24858541	11	10	90.9
26	25088703	46	0	0
26	25133453	37	36	97.2
26	25468487	27	0	0
26	25815752	24	23	95.8
26	25831810	12	11	91.6
26	25928840	37	0	0
26	25942642	47	26	55.3
26	25955781	20	18	90
26	25974878	13	11	84.6
26	29046209	36	0	0
26	30687395	19	16	84.2
26	31058193	16	0	0
26	31326942	26	0	0
26	31387772	16	0	0
26	33829178	26	25	96.1
26	34148795	14	11	78.5
26	34998672	52	4	7.6
26	37556481	25	0	0
26	38173735	13	0	0
26	39357165	22	0	0
26	39702350	25	0	0
26	39737226	12	12	100
26	40061513	34	0	0
26	40473927	135	103	76.2
26	40478453	11	3	27.2
26	41567535	21	18	85.7
26	41700958	19	11	57.8
26	42461565	18	18	100
26	42579854	18	0	0
26	43264387	39	0	0
26	43270844	32	0	0
26	43276932	20	0	0
26	44045377	14	12	85.7
26	44298668	18	15	83.3
26	44333879	16	13	81.2
26	44417303	30	0	0
26	44417356	30	0	0
26	44500694	23	18	78.2
26	44520500	28	28	100
26	44634311	27	26	96.2
26	44911022	27	23	85.1
26	45391330	28	25	89.2
26	46004506	18	16	88.8
26	46361418	18	16	88.8
26	46918192	20	20	100
26	47005782	26	23	88.4
26	47810887	21	1	4.7
26	48025840	35	5	14.2
26	48700734	39	29	74.3
26	48758921	28	15	53.5
26	49122233	13	11	84.6
26	49442703	22	22	100
26	49442798	31	21	67.7
26	49446513	11	8	72.7
26	49520599	14	14	100
26	49528444	43	32	74.4
26	49528451	43	40	93
26	49532492	13	8	61.5
26	49564038	30	27	90
26	49607712	28	26	92.8
26	49689082	20	12	60
26	50070343	17	9	52.9
26	50235593	19	16	84.2
26	50306402	10	2	20
26	50343946	32	3	9.3
26	50800507	11	1	9
26	50835939	38	36	94.7
26	50864031	38	20	52.6
26	50865802	29	14	48.2
26	50880021	31	30	96.7
26	50910850	16	11	68.7
26	50937919	12	4	33.3
26	50985367	25	15	60
26	51008219	48	2	4.1
26	51041373	25	20	80
26	51082458	51	6	11.7
26	51127852	19	17	89.4
26	51175631	24	24	100
26	51217509	43	37	86
26	51245380	33	27	81.8
26	51258784	49	11	22.4
26	51287263	24	6	25
26	51297913	14	8	57.1
26	51446418	34	21	61.7
26	51569498	17	17	100
26	51639322	37	22	59.4
26	51642267	24	18	75
26	51679498	27	26	96.2
27	99788	47	0	0
27	297582	38	36	94.7
27	315356	30	24	80
27	4532551	16	8	50
27	4534110	47	41	87.2
27	4679999	26	0	0
27	6752708	27	0	0
27	10379325	27	6	22.2
27	10381547	288	240	83.3
27	12472798	40	0	0
27	13295511	36	0	0
27	14109979	15	0	0
27	14579569	32	0	0
27	14760587	33	0	0
27	15306972	16	1	6.2
27	15604206	24	0	0
27	15907977	12	7	58.3
27	16745448	47	40	85.1
27	18852736	46	1	2.1
27	20852486	26	10	38.4
27	20914133	18	0	0
27	23317719	16	0	0
27	25384224	22	21	95.4
27	25836416	13	4	30.7
27	26715360	13	0	0
27	28538159	261	206	78.9
27	28851492	45	34	75.5
27	29235443	17	8	47
27	32575888	11	3	27.2
27	32684758	19	0	0
27	32922852	16	4	25
27	33006168	10	8	80
27	33227149	19	1	5.2
27	33258278	17	13	76.4
27	33263608	14	6	42.8
27	33780408	39	5	12.8
27	33900670	12	6	50
27	35825527	17	9	52.9
27	36209050	11	11	100
27	36227617	11	10	90.9
27	36816940	14	10	71.4
27	36819118	37	37	100
27	37607179	484	386	79.7
27	37611869	25	8	32
27	37619313	92	23	25
27	37642659	23	18	78.2
27	38090053	18	0	0
27	38797833	11	11	100
27	42392502	27	23	85.1
27	43170277	46	17	36.9
27	43992889	49	0	0
27	44479610	13	11	84.6
28	199204	11	0	0
28	1510882	55	11	20
28	2875453	23	20	86.9
28	2959520	27	0	0
28	2968813	30	15	50
28	5299456	25	22	88
28	5433849	23	6	26
28	5574183	11	11	100
28	5969014	31	21	67.7
28	6241716	19	9	47.3
28	6762300	32	0	0
28	7639251	11	3	27.2
28	7840236	11	2	18.1
28	8408813	36	0	0
28	8917167	37	37	100
28	13562442	22	0	0
28	13690713	30	22	73.3
28	13778991	21	1	4.7
28	13948342	16	0	0
28	15510637	39	2	5.1
28	16802577	45	0	0
28	16803654	62	0	0
28	18026626	12	12	100
28	19005306	20	0	0
28	22069626	19	18	94.7
28	25334960	15	0	0
28	25922331	19	17	89.4
28	27531214	22	22	100
28	27680928	27	27	100
28	27711921	22	22	100
28	27842830	20	9	45
28	28099474	23	16	69.5
28	28868084	29	0	0
28	29799276	13	0	0
28	29833589	20	0	0
28	31171697	27	12	44.4
28	31261109	30	25	83.3
28	31320278	38	0	0
28	31993520	122	34	27.8
28	33817937	25	20	80
28	33926798	13	0	0
28	34017140	12	7	58.3
28	34269113	18	4	22.2
28	34832276	15	8	53.3
28	34846601	13	13	100
28	34996333	21	20	95.2
28	35020291	16	16	100
28	35128820	27	27	100
28	36066600	36	29	80.5
28	36125219	32	0	0
28	39285099	181	168	92.8
28	39315065	30	24	80
28	39750634	13	9	69.2
28	41644426	39	24	61.5
28	41745022	29	29	100
28	42581072	22	19	86.3
28	42991664	14	6	42.8
28	43227653	41	21	51.2
28	43545239	13	11	84.6
28	43921324	10	5	50
28	43989372	20	0	0
28	44125945	53	6	11.3
28	44612908	51	0	0
28	44777908	11	0	0
28	45428930	46	46	100
29	950766	51	29	56.8
29	1266179	22	17	77.2
29	1351624	16	14	87.5
29	1468651	23	23	100
29	2764975	15	2	13.3
29	4469416	40	8	20
29	4850831	21	20	95.2
29	7239852	27	5	18.5
29	7403583	18	16	88.8
29	11852679	33	23	69.6
29	13464347	10	10	100
29	16933529	32	13	40.6
29	17113727	10	9	90
29	17463860	23	11	47.8
29	17863292	19	13	68.4
29	18090392	20	19	95
29	19413808	14	10	71.4
29	19439205	454	254	55.9
29	22423395	33	0	0
29	25109963	45	45	100
29	28700466	19	3	15.7
29	28972103	30	1	3.3
29	29041403	12	10	83.3
29	30081585	20	5	25
29	30205897	19	19	100
29	32590012	30	0	0
29	32710762	21	19	90.4
29	32875194	33	33	100
29	33672655	20	2	10
29	33813384	13	10	76.9
29	34574000	29	8	27.5
29	35029502	13	0	0
29	36274547	40	1	2.5
29	36654995	29	20	68.9
29	36781130	30	0	0
29	37441126	12	11	91.6
29	40616898	57	0	0
29	40718186	45	12	26.6
29	40757996	25	0	0
29	40834818	37	36	97.2
29	41479604	40	7	17.5
29	41595910	23	11	47.8
29	41632964	53	52	98.1
29	41694211	24	0	0
29	42811733	59	0	0
29	42892727	29	0	0
29	43160818	22	0	0
29	43560221	23	22	95.6
29	44152910	12	12	100
29	44152925	12	12	100
29	44299762	20	12	60
29	44432804	33	12	36.3
29	44464648	29	28	96.5
29	44657733	34	0	0
29	44944587	19	18	94.7
29	44948090	33	25	75.7
29	45018430	11	0	0
29	45162585	35	34	97.1
29	45274334	45	0	0
29	45299583	43	0	0
29	45373465	16	16	100
29	45428559	24	24	100
29	45463377	46	2	4.3
29	45842345	13	11	84.6
29	45965619	21	0	0
29	45997978	23	2	8.6
29	46212076	11	0	0
29	46246473	33	30	90.9
29	46471129	27	15	55.5
29	46491002	12	10	83.3
29	46583005	17	16	94.1
29	46590798	439	377	85.8
29	46914256	27	20	74
29	47034987	10	10	100
29	47097592	23	8	34.7
29	47169790	12	2	16.6
29	47265288	15	2	13.3
29	47391520	20	20	100
29	47420716	15	15	100
29	47566074	13	13	100
29	47698361	42	1	2.3
29	47770553	17	8	47
29	47806345	20	13	65
29	47917268	22	0	0
29	48006326	24	20	83.3
29	48183256	38	38	100
29	48359232	33	30	90.9
29	48397745	23	22	95.6
29	48477033	15	0	0
29	48526533	10	8	80
29	48531410	10	5	50
29	48544644	58	42	72.4
29	48810975	10	10	100
29	49160891	15	1	6.6
29	49205211	13	12	92.3
29	49208010	24	24	100
29	49351451	16	15	93.7
29	49388691	16	0	0
29	49448847	12	12	100
29	49493682	20	8	40
29	49503954	47	9	19.1
29	49701855	38	25	65.7
29	49843052	17	12	70.5
29	49923881	19	14	73.6
29	49955133	22	0	0
29	50051375	40	0	0
29	50054743	51	27	52.9
29	50062180	19	12	63.1
29	50141927	27	23	85.1
29	50154269	38	21	55.2
29	50157636	15	15	100
29	50162860	37	9	24.3
29	50176207	14	10	71.4
29	50217656	29	18	62
29	50229847	37	34	91.8
29	50250528	27	2	7.4
29	50260511	41	37	90.2
29	50403909	12	6	50
29	50405135	29	28	96.5
29	50524290	17	16	94.1
29	50545405	21	21	100
29	50552962	25	23	92
29	50554926	11	11	100
29	50598550	12	8	66.6
29	50651619	42	36	85.7
29	50689366	38	0	0
29	50749351	36	25	69.4
29	50849903	30	0	0
29	50863517	10	0	0
29	50878891	43	25	58.1
29	50937501	11	4	36.3
29	50963860	21	0	0
29	51016762	33	30	90.9
29	51023103	18	1	5.5
29	51025009	11	0	0
29	51064326	31	18	58
29	51069090	21	6	28.5
29	51070412	16	13	81.2
29	51076542	31	10	32.2
29	51122860	18	2	11.1
29	51136429	35	27	77.1
29	51138203	22	1	4.5
29	51284033	29	7	24.1
29	51293477	40	21	52.5
29	51295721	20	19	95
29	51352246	16	0	0
29	51394107	25	23	92
29	51438862	14	12	85.7
29	51461012	27	11	40.7
3	345985	46	2	4.3
3	767649	22	0	0
3	1036030	413	239	57.8
3	3119132	34	0	0
3	3252016	37	0	0
3	4446386	16	13	81.2
3	7599580	14	5	35.7
3	7939480	22	11	50
3	8381938	10	0	0
3	8396296	16	0	0
3	9517821	32	0	0
3	9537396	30	1	3.3
3	9699640	13	13	100
3	9720742	24	0	0
3	10683558	29	0	0
3	13977430	45	0	0
3	13996774	11	5	45.4
3	14403408	24	22	91.6
3	14472226	13	10	76.9
3	14504838	25	23	92
3	15404694	28	11	39.2
3	15422675	14	0	0
3	15585903	23	2	8.6
3	15634324	27	0	0
3	15682553	16	0	0
3	15774988	25	20	80
3	16383036	22	0	0
3	16565594	27	0	0
3	18223571	25	0	0
3	18799705	15	0	0
3	19109392	10	9	90
3	19364112	12	0	0
3	19779237	21	1	4.7
3	19779280	21	9	42.8
3	20454008	16	0	0
3	21177275	21	0	0
3	21228702	25	1	4
3	21378837	30	0	0
3	21443925	65	2	3
3	22635206	12	0	0
3	23385542	39	39	100
3	23511190	14	10	71.4
3	25802684	35	34	97.1
3	26691371	14	0	0
3	27596292	22	4	18.1
3	28181082	58	0	0
3	28688379	11	0	0
3	29771817	23	1	4.3
3	30627971	20	20	100
3	30964056	28	2	7.1
3	31704205	12	0	0
3	33474823	11	2	18.1
3	34151203	28	0	0
3	35011438	16	9	56.2
3	36337560	41	0	0
3	42102575	28	0	0
3	42559484	49	0	0
3	43221544	40	40	100
3	44775440	58	1	1.7
3	50448937	41	0	0
3	50658428	48	0	0
3	51916715	15	15	100
3	53586521	16	0	0
3	55179422	34	0	0
3	55756499	13	11	84.6
3	56016845	25	15	60
3	57037054	30	30	100
3	59081221	36	1	2.7
3	59377300	20	0	0
3	68986445	26	0	0
3	69915436	16	0	0
3	73111478	39	0	0
3	75280427	10	1	10
3	75546403	44	16	36.3
3	77344411	19	2	10.5
3	78243101	30	1	3.3
3	80581912	31	1	3.2
3	82585334	32	2	6.2
3	82753886	11	8	72.7
3	82793482	140	42	30
3	82821809	27	25	92.5
3	82908834	27	7	25.9
3	86553405	300	235	78.3
3	86729306	150	65	43.3
3	92746195	35	0	0
3	93047333	22	0	0
3	93047687	18	0	0
3	93528460	29	26	89.6
3	94312997	26	3	11.5
3	94331030	17	2	11.7
3	94331120	51	2	3.9
3	94783177	19	0	0
3	95288352	20	0	0
3	95920838	41	0	0
3	98370422	37	0	0
3	99229505	29	25	86.2
3	99434818	46	1	2.1
3	99970522	24	14	58.3
3	100338401	62	0	0
3	101790610	16	4	25
3	101877841	33	12	36.3
3	101963900	20	12	60
3	102226426	20	0	0
3	102236258	16	0	0
3	102423845	13	12	92.3
3	102639961	15	15	100
3	102952160	27	21	77.7
3	104402085	22	1	4.5
3	104477311	23	0	0
3	105097483	10	1	10
3	105097671	10	7	70
3	105339816	11	9	81.8
3	105434976	43	0	0
3	105435396	10	0	0
3	105798360	20	20	100
3	106059505	25	24	96
3	106245876	38	0	0
3	107129929	15	9	60
3	107134365	13	0	0
3	107174871	26	7	26.9
3	107518740	10	0	0
3	108510553	52	0	0
3	108740370	45	27	60
3	108835171	28	16	57.1
3	109319732	45	5	11.1
3	110223194	11	4	36.3
3	110890047	23	23	100
3	111074188	18	0	0
3	111205923	19	0	0
3	111440581	52	39	75
3	112772410	15	10	66.6
3	113227942	34	7	20.5
3	113228951	23	21	91.3
3	113272085	25	8	32
3	114716084	30	0	0
3	114716383	45	0	0
3	115158611	20	0	0
3	115658343	15	3	20
3	116086538	18	14	77.7
3	116173597	19	17	89.4
3	116267359	47	0	0
3	116488059	47	5	10.6
3	117564466	16	15	93.7
3	117634844	34	24	70.5
3	117775566	10	0	0
3	117949739	33	27	81.8
3	118083909	14	1	7.1
3	118158383	20	1	5
3	118281684	28	15	53.5
3	118294178	38	38	100
3	118646783	27	5	18.5
3	118680585	25	14	56
3	119141201	16	9	56.2
3	119201261	13	13	100
3	119205893	32	32	100
3	119252243	17	6	35.2
3	119346420	45	0	0
3	119355671	15	4	26.6
3	119377381	24	24	100
3	119497267	10	9	90
3	119537037	37	37	100
3	119772599	10	8	80
3	120144019	38	17	44.7
3	120216616	32	30	93.7
3	120245955	20	18	90
3	120307152	13	7	53.8
3	120333408	34	31	91.1
3	120383357	32	0	0
3	120550264	17	16	94.1
3	120564965	59	58	98.3
3	120608357	11	0	0
3	120686993	21	18	85.7
3	120734374	21	0	0
3	120769465	37	30	81
3	120786924	19	16	84.2
3	120832169	24	23	95.8
3	120866868	31	7	22.5
3	120903728	15	15	100
3	120925093	29	27	93.1
3	121007518	25	25	100
3	121086520	15	14	93.3
3	121099879	20	3	15
3	121162080	33	33	100
3	121218929	15	0	0
3	121258647	14	4	28.5
3	121318345	25	8	32
3	121374733	11	10	90.9
3	121374875	28	14	50
4	38914	20	15	75
4	4494455	34	16	47
4	5308036	11	7	63.6
4	7844259	39	0	0
4	8492661	31	11	35.4
4	9903044	19	18	94.7
4	10236985	10	10	100
4	10724259	22	1	4.5
4	11299598	286	225	78.6
4	11299704	340	292	85.8
4	11308080	19	7	36.8
4	12038723	17	0	0
4	12420834	30	29	96.6
4	14275167	29	0	0
4	14294125	32	4	12.5
4	17176402	10	9	90
4	20770391	12	12	100
4	25097116	17	0	0
4	28959908	98	78	79.5
4	28963858	75	8	10.6
4	28978157	56	26	46.4
4	28983379	142	84	59.1
4	29394546	30	29	96.6
4	34021324	31	2	6.4
4	34855336	13	12	92.3
4	35849429	16	16	100
4	41493230	85	56	65.8
4	48545491	32	0	0
4	49959126	21	10	47.6
4	51995590	111	3	2.7
4	58842523	18	16	88.8
4	61174457	300	15	5
4	61315460	19	9	47.3
4	64539313	22	1	4.5
4	65919347	24	23	95.8
4	66453406	50	0	0
4	68445211	19	0	0
4	69255917	38	2	5.2
4	69272193	33	3	9
4	69336192	38	0	0
4	69341122	39	3	7.6
4	70413033	54	1	1.8
4	75321799	11	9	81.8
4	77311507	38	0	0
4	77366399	18	0	0
4	77540693	10	0	0
4	77783733	20	19	95
4	77874209	28	0	0
4	79986638	24	0	0
4	82292353	21	3	14.2
4	86598122	53	1	1.8
4	87519444	20	0	0
4	88100981	42	1	2.3
4	92325560	22	0	0
4	92395421	37	0	0
4	92523431	13	7	53.8
4	92678881	37	0	0
4	92692897	26	4	15.3
4	93076538	21	21	100
4	93076546	21	21	100
4	93280457	26	5	19.2
4	93620561	18	18	100
4	93633652	15	15	100
4	93705887	36	4	11.1
4	94209910	26	0	0
4	94416315	14	0	0
4	94418116	12	0	0
4	95065431	10	1	10
4	96744180	30	29	96.6
4	97077800	15	10	66.6
4	97441764	11	10	90.9
4	97441773	11	11	100
4	98741163	34	26	76.4
4	98748180	23	20	86.9
4	98759844	33	17	51.5
4	102433485	11	10	90.9
4	103377773	42	42	100
4	103465296	17	0	0
4	103594829	13	0	0
4	104302820	27	22	81.4
4	104494348	13	1	7.6
4	104718161	23	19	82.6
4	105671873	19	18	94.7
4	106015214	19	3	15.7
4	106247320	25	4	16
4	107113278	10	1	10
4	107599978	41	0	0
4	109522538	20	17	85
4	112920454	29	26	89.6
4	113153515	27	6	22.2
4	113456434	43	9	20.9
4	113648596	21	20	95.2
4	113781654	19	11	57.8
4	114394018	21	6	28.5
4	114439687	20	11	55
4	114458016	29	0	0
4	114553816	21	3	14.2
4	115057490	26	26	100
4	115279796	21	16	76.1
4	115390675	45	44	97.7
4	115630453	36	35	97.2
4	115951829	22	0	0
4	115992848	28	21	75
4	116275186	10	7	70
4	116275369	13	12	92.3
4	116581448	42	3	7.1
4	116606031	10	3	30
4	116711441	18	3	16.6
4	117049860	29	20	68.9
4	117342460	36	2	5.5
4	117556086	40	36	90
4	117763331	23	15	65.2
4	117810477	19	11	57.8
4	117871494	11	1	9
4	117995019	43	0	0
4	118096466	41	26	63.4
4	118104349	16	16	100
4	118110826	19	9	47.3
4	118150086	21	21	100
4	118265578	18	1	5.5
4	118272144	11	0	0
4	118298351	27	22	81.4
4	118365014	42	34	80.9
4	118419031	31	21	67.7
4	118859963	12	12	100
4	119124644	10	9	90
4	119182329	22	11	50
4	119191079	21	13	61.9
4	119435959	27	25	92.5
4	119507234	28	28	100
4	119628844	21	15	71.4
4	119638052	55	0	0
4	119752082	17	17	100
4	119875318	25	20	80
4	119911083	24	16	66.6
4	120005040	27	27	100
4	120305632	18	0	0
4	120519371	20	19	95
5	1906826	11	0	0
5	5478540	12	10	83.3
5	9057737	42	42	100
5	10014651	11	4	36.3
5	23523856	17	0	0
5	24631833	16	13	81.2
5	24778078	13	11	84.6
5	25778226	10	0	0
5	26139712	22	4	18.1
5	26197046	15	1	6.6
5	26251292	25	1	4
5	26489160	10	0	0
5	27058911	24	24	100
5	27965510	35	33	94.2
5	29355497	10	9	90
5	29385884	36	36	100
5	29979580	22	0	0
5	30098121	14	0	0
5	30648723	17	1	5.8
5	30896653	24	0	0
5	30897651	40	8	20
5	31010807	22	6	27.2
5	31126316	43	0	0
5	31129728	17	0	0
5	32099261	55	0	0
5	32276411	15	4	26.6
5	32464487	11	5	45.4
5	32676261	16	0	0
5	34699142	20	0	0
5	38366895	17	0	0
5	38674492	11	0	0
5	41964577	19	0	0
5	42222564	22	16	72.7
5	42837345	27	1	3.7
5	42954694	25	25	100
5	43347958	30	0	0
5	43493325	47	0	0
5	45398811	22	0	0
5	46944675	17	1	5.8
5	46945188	10	0	0
5	47616938	76	46	60.5
5	49545761	10	0	0
5	51112038	23	17	73.9
5	51209281	23	0	0
5	54748796	23	19	82.6
5	56051869	14	3	21.4
5	56206594	29	0	0
5	56215913	24	20	83.3
5	56283391	14	0	0
5	56548464	13	1	7.6
5	56569495	10	5	50
5	57091210	37	0	0
5	57400253	10	0	0
5	57517858	43	1	2.3
5	59940659	18	9	50
5	63602154	17	4	23.5
5	65453771	30	3	10
5	66678806	12	7	58.3
5	68127726	12	0	0
5	72230458	13	13	100
5	73991090	41	0	0
5	74227130	29	28	96.5
5	74637565	43	30	69.7
5	75094678	29	29	100
5	75179386	21	0	0
5	75240537	26	1	3.8
5	75508802	12	7	58.3
5	75817857	22	0	0
5	83594483	46	29	63
5	88286668	18	0	0
5	88580418	10	1	10
5	88580701	18	0	0
5	90961126	23	0	0
5	93929941	33	31	93.9
5	95098156	42	1	2.3
5	100653445	18	17	94.4
5	103655548	14	9	64.2
5	104255674	13	7	53.8
5	104415282	25	24	96
5	104970746	39	37	94.8
5	106166987	14	3	21.4
5	106172183	28	26	92.8
5	106245893	12	12	100
5	106279052	38	1	2.6
5	107092215	20	8	40
5	107549089	41	6	14.6
5	107908671	37	14	37.8
5	107921108	23	12	52.1
5	108593417	12	8	66.6
5	108822057	51	28	54.9
5	109000149	18	16	88.8
5	109135639	11	7	63.6
5	109629326	10	2	20
5	110279706	31	1	3.2
5	110485831	14	0	0
5	110839756	25	0	0
5	110955877	11	7	63.6
5	111293750	13	0	0
5	111423477	12	0	0
5	111506490	19	11	57.8
5	111520735	17	12	70.5
5	112739750	12	0	0
5	112739762	19	0	0
5	112801501	28	0	0
5	113472181	19	12	63.1
5	113491785	14	0	0
5	114072703	38	38	100
5	114112182	280	89	31.7
5	114113308	20	8	40
5	114167997	10	7	70
5	114222021	38	28	73.6
5	114519166	25	25	100
5	114526301	19	7	36.8
5	114627615	33	0	0
5	114684900	43	32	74.4
5	114690426	18	14	77.7
5	114698208	19	4	21
5	115350421	26	19	73
5	115541999	25	23	92
5	115758026	25	20	80
5	115906514	18	7	38.8
5	115918593	15	9	60
5	115977487	37	32	86.4
5	116049401	16	16	100
5	116222883	19	13	68.4
5	116349296	30	24	80
5	116638011	22	16	72.7
5	116693240	17	11	64.7
5	117015340	30	0	0
5	117026824	27	24	88.8
5	117035882	13	6	46.1
5	117042727	40	17	42.5
5	117112740	21	19	90.4
5	117119940	21	20	95.2
5	117120799	16	6	37.5
5	117202023	24	2	8.3
5	117712039	64	60	93.7
5	117865176	27	22	81.4
5	117907022	23	1	4.3
5	117961555	18	17	94.4
5	118029060	14	5	35.7
5	118077695	37	37	100
5	118088798	19	18	94.7
5	118167202	31	30	96.7
5	118188486	15	2	13.3
5	118221413	14	12	85.7
5	118749068	13	6	46.1
5	119252556	15	7	46.6
5	119483617	42	3	7.1
5	119531143	43	9	20.9
5	119557313	23	21	91.3
5	119626467	22	5	22.7
5	119736099	16	8	50
5	119770703	24	1	4.1
5	119794433	11	9	81.8
5	119820676	44	1	2.2
5	119833872	19	17	89.4
5	119849105	34	34	100
5	119877830	16	16	100
5	119897413	10	10	100
5	119897603	10	8	80
5	119991168	29	0	0
5	119993104	41	0	0
5	120030358	15	15	100
5	120032263	10	10	100
5	120100038	41	38	92.6
5	120155461	23	0	0
5	120172205	25	25	100
5	120186040	21	15	71.4
5	120197801	36	19	52.7
5	120204145	11	11	100
5	120412161	19	19	100
5	120464655	26	8	30.7
5	120571304	27	20	74
5	120729434	17	16	94.1
5	120761092	36	30	83.3
5	120833674	24	24	100
5	120939762	32	22	68.7
5	120953753	43	40	93
5	120959149	12	12	100
5	120959409	38	25	65.7
5	120970660	22	0	0
5	121186877	28	16	57.1
5	121188534	21	21	100
6	937445	32	14	43.7
6	6729513	39	30	76.9
6	8907229	12	2	16.6
6	10053798	15	0	0
6	10353585	34	17	50
6	10359796	149	134	89.9
6	14473261	43	29	67.4
6	15991236	19	0	0
6	16703355	25	23	92
6	16847033	18	0	0
6	17966034	63	54	85.7
6	18008249	35	14	40
6	18117901	27	27	100
6	20301671	32	31	96.8
6	21318041	56	0	0
6	26101320	27	0	0
6	26739398	16	10	62.5
6	26972187	367	271	73.8
6	27333506	36	0	0
6	36923424	11	0	0
6	36991047	25	17	68
6	44876540	40	36	90
6	45929837	23	17	73.9
6	47822184	15	0	0
6	56672493	31	8	25.8
6	59577829	38	1	2.6
6	60265822	23	0	0
6	60420534	17	0	0
6	61815566	17	15	88.2
6	61872468	13	0	0
6	61872597	22	0	0
6	61924339	12	12	100
6	62426830	18	0	0
6	62661481	10	0	0
6	64750021	47	11	23.4
6	64751067	10	0	0
6	64751293	26	0	0
6	68157609	17	13	76.4
6	68228752	16	0	0
6	72253702	17	16	94.1
6	73121407	24	0	0
6	73488460	42	0	0
6	89460644	19	0	0
6	93021196	17	16	94.1
6	93058442	20	0	0
6	94802581	22	19	86.3
6	96795102	12	0	0
6	98934094	35	0	0
6	99684601	28	11	39.2
6	101638364	20	14	70
6	104789551	39	0	0
6	105074839	13	9	69.2
6	106107186	30	20	66.6
6	106633172	36	35	97.2
6	106664108	12	3	25
6	106728689	32	27	84.3
6	106745402	16	6	37.5
6	106785297	12	8	66.6
6	106822896	16	6	37.5
6	106838700	12	5	41.6
6	106959906	29	22	75.8
6	107040772	12	3	25
6	107119468	25	25	100
6	107152759	15	10	66.6
6	107282180	16	15	93.7
6	107319598	25	0	0
6	107326724	11	8	72.7
6	107477964	45	0	0
6	107575017	19	1	5.2
6	108024041	14	0	0
6	108033967	16	16	100
6	108084184	21	18	85.7
6	108128836	10	10	100
6	108165255	42	41	97.6
6	108217299	15	4	26.6
6	108364143	13	3	23
6	108450527	10	5	50
6	108453707	17	11	64.7
6	108476336	19	19	100
6	108490488	43	0	0
6	108706564	41	38	92.6
6	108729412	48	0	0
6	108980305	16	0	0
6	109021928	28	28	100
6	109035731	29	0	0
6	109076360	34	0	0
6	109150271	32	11	34.3
6	109169948	35	35	100
6	109329425	22	20	90.9
6	109344130	22	18	81.8
6	109350330	65	0	0
6	109419928	26	18	69.2
6	109500047	27	15	55.5
6	109516999	38	31	81.5
6	109648042	33	11	33.3
6	109696204	34	34	100
6	115103693	21	19	90.4
6	115941066	24	12	50
6	116183188	20	17	85
6	116279136	33	7	21.2
6	116596565	27	23	85.1
6	118011737	56	45	80.3
6	118178619	20	20	100
6	118437329	40	0	0
6	118526099	22	20	90.9
6	118546684	29	1	3.4
6	118865323	29	21	72.4
6	119093237	17	0	0
6	119120362	36	34	94.4
6	119131045	19	16	84.2
6	119148384	14	6	42.8
6	119202552	25	15	60
6	119227129	47	6	12.7
7	574647	23	0	0
7	826550	65	0	0
7	1081787	23	0	0
7	1345800	17	0	0
7	1908522	22	20	90.9
7	2366939	36	6	16.6
7	2591301	18	18	100
7	2602237	10	5	50
7	2707277	18	2	11.1
7	3293275	17	6	35.2
7	3623731	26	18	69.2
7	3866421	30	20	66.6
7	4115063	28	24	85.7
7	4251783	20	19	95
7	4264527	29	19	65.5
7	4299686	19	0	0
7	4359105	12	10	83.3
7	4476857	10	9	90
7	4537745	13	0	0
7	4606567	14	14	100
7	4606678	14	14	100
7	4621917	23	6	26
7	4670541	14	0	0
7	4674859	18	1	5.5
7	4678566	30	0	0
7	5062244	36	25	69.4
7	5335230	11	10	90.9
7	5526072	28	0	0
7	5605161	41	28	68.2
7	5656500	24	2	8.3
7	5796132	30	0	0
7	6385023	21	0	0
7	6587428	11	7	63.6
7	6681464	18	2	11.1
7	6682910	50	47	94
7	7827466	55	54	98.1
7	7856762	36	31	86.1
7	8467868	30	22	73.3
7	8720754	21	0	0
7	8754500	36	3	8.3
7	8911751	31	0	0
7	8949977	44	0	0
7	10380667	24	15	62.5
7	13153113	37	4	10.8
7	13450135	15	15	100
7	13549080	34	2	5.8
7	13554332	34	4	11.7
7	13793754	17	8	47
7	13846048	11	0	0
7	15324669	11	0	0
7	15915105	34	34	100
7	16379670	29	27	93.1
7	16847583	13	13	100
7	16876180	51	48	94.1
7	17135960	16	8	50
7	17513229	19	8	42.1
7	17579306	25	0	0
7	17590723	11	4	36.3
7	17624056	23	0	0
7	17912843	12	12	100
7	18205935	30	2	6.6
7	18344956	39	20	51.2
7	18440565	37	23	62.1
7	18459518	44	0	0
7	18958704	18	0	0
7	19270156	19	19	100
7	19754373	12	8	66.6
7	19778510	14	13	92.8
7	20221573	15	4	26.6
7	20228045	15	15	100
7	20755300	29	0	0
7	20799189	31	10	32.2
7	20809121	14	1	7.1
7	20809243	15	5	33.3
7	21099821	15	6	40
7	21179221	49	0	0
7	21179512	35	0	0
7	21252581	10	0	0
7	21450564	21	20	95.2
7	21550144	23	22	95.6
7	21550147	26	21	80.7
7	21561566	26	26	100
7	21585418	18	0	0
7	21646568	30	0	0
7	21882830	29	0	0
7	22099950	30	0	0
7	22200904	31	0	0
7	22460261	20	20	100
7	22561573	29	0	0
7	22581059	14	0	0
7	22629542	31	0	0
7	22629688	26	0	0
7	22665855	18	16	88.8
7	22687140	24	0	0
7	22698966	38	26	68.4
7	22700061	30	15	50
7	22726419	10	8	80
7	22779732	27	2	7.4
7	23410543	24	24	100
7	24072019	23	0	0
7	24436141	33	0	0
7	30025996	58	44	75.8
7	32388879	11	0	0
7	34813556	158	93	58.8
7	35966509	19	14	73.6
7	38668207	28	0	0
7	39207656	29	0	0
7	39211157	12	4	33.3
7	39368822	16	0	0
7	39456572	56	2	3.5
7	41620409	18	7	38.8
7	41735498	27	0	0
7	42331729	45	3	6.6
7	42332629	43	1	2.3
7	44629032	46	2	4.3
7	44851046	12	10	83.3
7	44851225	35	29	82.8
7	44887239	53	0	0
7	44969526	12	12	100
7	45081049	28	0	0
7	45139587	44	42	95.4
7	45172783	18	10	55.5
7	45272059	27	0	0
7	45427377	32	0	0
7	45494985	25	6	24
7	45630507	28	0	0
7	45721727	11	0	0
7	45744762	14	13	92.8
7	45771473	26	26	100
7	45784047	11	0	0
7	45784218	25	0	0
7	45848977	11	3	27.2
7	48063701	14	2	14.2
7	48094621	32	1	3.1
7	48158717	16	16	100
7	48167307	14	12	85.7
7	48393555	21	10	47.6
7	49228989	45	1	2.2
7	51688066	21	0	0
7	51688480	50	0	0
7	51888815	35	30	85.7
7	52252884	36	0	0
7	53024921	43	0	0
7	53048416	13	0	0
7	53947511	45	26	57.7
7	54437544	28	0	0
7	54691291	13	0	0
7	54759269	53	0	0
7	54836983	44	0	0
7	62774227	18	12	66.6
7	62965258	30	29	96.6
7	63064701	41	0	0
7	63143540	27	27	100
7	63143554	27	27	100
7	63457846	40	40	100
7	67634576	28	26	92.8
7	67714852	29	0	0
7	69135524	15	6	40
7	71336465	12	4	33.3
7	71964517	23	21	91.3
7	74641180	18	10	55.5
7	75702993	39	1	2.5
7	76524131	10	7	70
7	82624829	28	0	0
7	82984841	13	0	0
7	83569261	34	30	88.2
7	84116996	34	0	0
7	90559979	16	0	0
7	93165196	125	91	72.8
7	95441350	42	1	2.3
7	97593429	19	0	0
7	98445629	22	0	0
7	98784417	56	0	0
7	100312816	16	14	87.5
7	100737995	17	13	76.4
7	102553902	24	0	0
7	103774089	21	0	0
7	104559289	12	0	0
7	105875428	12	10	83.3
7	105884027	42	41	97.6
7	105898412	23	20	86.9
7	105906501	274	22	8
7	109130404	36	34	94.4
7	109520238	19	17	89.4
7	109696787	20	20	100
7	110019767	124	81	65.3
7	110151507	20	2	10
7	111114953	23	0	0
7	111610016	19	18	94.7
7	112222014	26	20	76.9
8	109522	33	11	33.3
8	580738	35	34	97.1
8	683808	33	0	0
8	700992	15	10	66.6
8	1185018	37	0	0
8	1533029	14	3	21.4
8	5738496	38	14	36.8
8	7339630	42	28	66.6
8	7493548	20	11	55
8	7525890	18	8	44.4
8	7530325	20	2	10
8	7900310	14	3	21.4
8	8573894	11	7	63.6
8	10162697	39	0	0
8	10740537	33	6	18.1
8	11026214	15	0	0
8	14345189	20	14	70
8	17268480	28	2	7.1
8	22133256	29	12	41.3
8	22504275	23	19	82.6
8	23179974	326	157	48.1
8	24923885	12	7	58.3
8	28822319	27	3	11.1
8	36101247	26	12	46.1
8	38931391	10	0	0
8	39337875	23	0	0
8	39858792	11	11	100
8	39913448	13	13	100
8	42140494	34	0	0
8	43786503	54	17	31.4
8	43876756	36	3	8.3
8	44078911	11	0	0
8	44632470	44	2	4.5
8	48658415	35	1	2.8
8	51336226	15	0	0
8	53706691	18	16	88.8
8	56734029	22	14	63.6
8	56743321	71	51	71.8
8	56773773	24	10	41.6
8	56815949	21	12	57.1
8	59656605	33	10	30.3
8	60207996	40	0	0
8	60312063	27	0	0
8	60336274	23	9	39.1
8	60820337	32	0	0
8	60849732	48	0	0
8	61573089	21	1	4.7
8	61956599	13	13	100
8	62452103	17	0	0
8	63143404	28	0	0
8	63297985	38	0	0
8	66014120	11	4	36.3
8	66168109	15	1	6.6
8	67436274	19	0	0
8	69954544	46	41	89.1
8	70407101	41	7	17
8	70884268	46	27	58.6
8	70907160	15	14	93.3
8	70974529	86	73	84.8
8	71112597	16	16	100
8	71248205	12	12	100
8	71257434	46	0	0
8	71698555	21	0	0
8	73184141	29	0	0
8	74330697	35	1	2.8
8	74499736	11	10	90.9
8	74675706	11	6	54.5
8	75090409	50	0	0
8	76338583	34	29	85.2
8	77415438	22	0	0
8	78419031	20	0	0
8	78419087	27	0	0
8	80545586	49	0	0
8	80545602	49	0	0
8	80698464	38	0	0
8	80926704	29	28	96.5
8	81767247	28	27	96.4
8	82096765	31	0	0
8	82293365	26	5	19.2
8	82932885	29	0	0
8	83581885	28	0	0
8	84353247	10	0	0
8	86050405	13	13	100
8	86054642	12	8	66.6
8	86689603	34	0	0
8	89134382	14	0	0
8	89956094	15	0	0
8	90152664	50	27	54
8	90445975	14	0	0
8	91626197	35	0	0
8	92347100	36	0	0
8	92660638	25	25	100
8	92751501	18	0	0
8	95099867	10	9	90
8	96705909	18	0	0
8	96705924	40	0	0
8	97490273	24	22	91.6
8	98740104	22	15	68.1
8	98801451	21	12	57.1
8	100138602	19	16	84.2
8	100362234	15	0	0
8	100881637	34	1	2.9
8	104033916	11	11	100
8	104539608	22	0	0
8	104621066	21	5	23.8
8	104948416	10	10	100
8	105301660	17	16	94.1
8	105851943	18	17	94.4
8	107150936	18	18	100
8	107654701	36	33	91.6
8	110209694	27	9	33.3
8	110671390	18	4	22.2
8	110749377	35	21	60
8	111486364	32	18	56.2
8	111572828	26	17	65.3
8	111802303	21	19	90.4
8	111845635	21	20	95.2
8	112189590	11	3	27.2
8	112918844	30	29	96.6
8	113079630	11	11	100
8	113252871	16	1	6.2
8	113296113	21	21	100
8	113334647	31	10	32.2
9	35287	12	8	66.6
9	79735	12	8	66.6
9	101687	26	14	53.8
9	7506668	17	0	0
9	9583399	22	5	22.7
9	11333608	18	15	83.3
9	11686834	28	0	0
9	11687206	11	0	0
9	12862624	40	8	20
9	23622794	41	0	0
9	24446241	28	4	14.2
9	26306780	19	18	94.7
9	28696343	15	0	0
9	29001331	30	1	3.3
9	33764009	14	0	0
9	33922676	55	19	34.5
9	33948066	48	0	0
9	34794287	56	0	0
9	39622851	92	72	78.2
9	39760044	21	0	0
9	42118684	50	0	0
9	42119965	10	0	0
9	42756951	36	21	58.3
9	43644741	16	14	87.5
9	45030522	11	3	27.2
9	51584464	18	0	0
9	51602408	34	0	0
9	53546159	60	35	58.3
9	53581622	12	5	41.6
9	57622968	31	0	0
9	61291199	16	0	0
9	61519328	23	23	100
9	61562434	25	25	100
9	61924617	41	0	0
9	64880591	29	2	6.8
9	66113406	23	0	0
9	69425807	23	0	0
9	70180986	23	0	0
9	71341844	12	0	0
9	72417560	15	2	13.3
9	72616372	57	55	96.4
9	73311794	34	0	0
9	74096296	19	0	0
9	75138596	20	19	95
9	79735130	23	10	43.4
9	79746494	23	0	0
9	85917899	39	0	0
9	85959073	24	0	0
9	88257178	14	14	100
9	88598734	17	14	82.3
9	88760337	13	11	84.6
9	89552481	23	8	34.7
9	93120834	12	12	100
9	95395137	43	28	65.1
9	96028435	22	22	100
9	96033086	18	12	66.6
9	96395915	10	10	100
9	96781856	14	0	0
9	97121169	15	9	60
9	97608587	47	41	87.2
9	97703758	10	7	70
9	97856043	16	12	75
9	97873220	24	18	75
9	98072691	28	0	0
9	98236440	12	9	75
9	98238737	18	14	77.7
9	98422224	14	11	78.5
9	100679142	13	9	69.2
9	100844040	14	11	78.5
9	101962537	23	18	78.2
9	102224595	24	24	100
9	102246952	24	3	12.5
9	102412555	21	12	57.1
9	102609158	34	29	85.2
9	102685066	36	5	13.8
9	102762908	46	27	58.6
9	102806653	24	17	70.8
9	102810864	32	22	68.7
9	102842195	18	0	0
9	102879957	17	16	94.1
9	103040011	23	18	78.2
9	103457746	17	2	11.7
9	103520799	17	10	58.8
9	103689331	37	35	94.5
9	103754215	31	0	0
9	103791121	29	23	79.3
9	103921701	15	15	100
9	103972553	21	18	85.7
9	104012671	22	5	22.7
9	104066195	19	19	100
9	104079842	31	30	96.7
9	104210739	25	14	56
9	104247966	18	17	94.4
9	104503317	30	4	13.3
9	105043341	34	30	88.2
9	105215815	30	26	86.6
9	105218223	40	22	55
9	105415827	20	19	95
9	105495243	15	7	46.6
GJ058287.1	1127	11	11	100
GJ058422.1	159404	25	25	100
GJ058425.1	136115	21	11	52.3
GJ058426.1	31833	17	6	35.2
GJ058430.1	54046	14	14	100
GJ058434.1	40143	25	22	88
GJ058434.1	79220	26	16	61.5
GJ058435.1	22738	20	7	35
GJ058435.1	29315	42	42	100
GJ058443.1	9731	13	11	84.6
GJ058715.1	172	160	13	8.1
GJ059045.1	1196	244	173	70.9
GJ059276.1	1293	13	10	76.9
GJ059336.1	5402	19	10	52.6
GJ059362.1	341	14	7	50
GJ059509.1	4950	10	6	60
GJ059592.1	209	24	24	100
GJ059601.1	1608	23	22	95.6
GJ059604.1	1011	44	31	70.4
GJ059615.1	4355	20	19	95
GJ059620.1	4972	41	28	68.2
GJ059671.1	19807	13	9	69.2
GJ059689.1	1928	10	10	100
GJ059715.1	1477	25	21	84
GJ059731.1	2237	18	14	77.7
GJ059782.1	927	32	19	59.3
GJ059787.1	292	10	8	80
GJ059814.1	3034	56	22	39.2
GJ059831.1	7511	15	13	86.6
GJ059839.1	1905	10	7	70
GJ059845.1	1278	79	65	82.2
GJ059855.1	2074	10	10	100
GJ059909.1	1489	37	37	100
GJ059951.1	1989	10	10	100
GJ060032.1	8485	18	9	50
GJ060136.1	6470	10	10	100
GJ060157.1	2080	51	2	3.9
X	588689	35	9	25.7
X	4138910	26	4	15.3
X	4995627	30	1	3.3
X	5695313	10	9	90
X	6120120	13	3	23
X	7179395	42	21	50
X	10509747	11	0	0
X	13564529	44	5	11.3
X	13790289	33	6	18.1
X	13810646	16	7	43.7
X	14121815	106	65	61.3
X	14982044	14	2	14.2
X	18813560	13	11	84.6
X	19027068	66	30	45.4
X	20203649	11	8	72.7
X	21119605	30	1	3.3
X	21138041	37	8	21.6
X	21753867	36	24	66.6
X	24050919	18	5	27.7
X	24113178	23	0	0
X	29882504	19	6	31.5
X	30922881	31	13	41.9
X	32746241	40	22	55
X	34625435	76	40	52.6
X	34669778	45	19	42.2
X	38586505	24	9	37.5
X	38586559	23	11	47.8
X	38965387	32	8	25
X	39827423	31	3	9.6
X	39870134	39	19	48.7
X	40060744	49	28	57.1
X	40084925	13	12	92.3
X	40135692	30	16	53.3
X	40341385	29	14	48.2
X	40438453	32	12	37.5
X	53961255	13	4	30.7
X	58613924	28	11	39.2
X	59993669	22	5	22.7
X	60597675	21	4	19
X	72205909	10	4	40
X	74868829	25	14	56
X	75927327	13	0	0
X	83153782	13	8	61.5
X	83572326	49	5	10.2
X	84742788	22	19	86.3
X	84851905	22	3	13.6
X	84986399	17	8	47
X	85449957	15	3	20
X	85692995	23	5	21.7
X	91074063	38	6	15.7
X	91538794	40	28	70
X	92201143	10	3	30
X	92264925	39	1	2.5
X	92289184	23	6	26
X	92353341	29	10	34.4
X	92443800	42	1	2.3
X	94761262	60	4	6.6
X	95230484	52	0	0
X	96252849	45	12	26.6
X	96900652	14	1	7.1
X	97682097	11	3	27.2
X	100098496	31	9	29
X	100101636	11	8	72.7
X	100105843	10	2	20
X	100162490	25	6	24
X	105235786	16	6	37.5
X	109010309	11	4	36.3
X	109043188	19	1	5.2
X	112708454	37	34	91.8
X	120291297	11	10	90.9
X	120295509	11	9	81.8
X	123978538	11	3	27.2
X	128528500	51	49	96
X	130306883	27	8	29.6
X	132323947	30	12	40
X	132880583	11	4	36.3
X	134436861	28	28	100
X	134583836	24	21	87.5
X	134867816	16	1	6.2
X	135831009	18	14	77.7
X	136683076	13	11	84.6
X	137489474	32	24	75
X	138692843	17	0	0
X	140130888	13	12	92.3
X	140141144	32	28	87.5
X	140283994	43	43	100
X	140535806	17	6	35.2
X	141693006	15	1	6.6
X	142412427	38	3	7.8
X	143549446	12	9	75
X	144086623	10	0	0
X	145619802	12	9	75
X	145956556	21	8	38
X	146639945	17	10	58.8
X	146790472	35	13	37.1
X	146881014	64	6	9.3
X	147139054	12	8	66.6
X	147826143	19	12	63.1
